0,0,0
10,0,0
20,0,0
30,0,0
40,0,0
50,0,0
60,0,0
70,0,0
80,0,0
90,0,0
100,0,0
110,0,0
120,0,0
130,0,0
140,0,0
150,0,0
160,0,0
170,0,0
180,0,0
190,0,0
200,0,0
210,0,0
220,0,0
230,0,0
240,0,0
250,0,0
260,0,0
270,0,0
280,0,0
290,0,0
300,0,0
310,0,0
320,0,0
330,0,0
340,0,0
350,0,0
360,0,0
370,0,0
380,0,0
390,0,0
400,-1,0
410,-21,21
420,-28,28
430,-27,28
441,-21,22
451,-17,17
461,-16,14
471,-16,11
481,-18,18
491,-18,20
501,-20,20
511,-15,14
521,-15,12
531,-14,12
541,-14,12
551,-13,10
561,-14,14
571,-13,14
581,-15,14
591,-13,12
601,-11,10
611,-9,7
621,-10,8
631,-9,8
641,-8,7
651,-8,7
661,-7,5
671,-6,4
681,-5,3
691,-5,4
701,-4,3
711,-4,2
721,-5,6
731,-13,10
741,-11,7
751,-13,7
761,-11,10
771,-9,10
781,-8,10
791,-10,12
801,-10,13
811,-11,13
821,-12,11
831,-10,8
841,-11,8
851,-9,7
861,-10,8
871,-8,8
882,-9,9
892,-9,10
902,-8,8
912,-7,6
922,-8,7
932,-7,6
942,-7,6
952,-8,6
962,-7,7
972,-5,4
982,-5,5
992,-4,3
1002,-4,1
1012,-2,2
1022,-2,1
1032,-4,3
1042,-13,12
1052,-13,14
1062,-12,11
1072,-11,10
1082,-9,7
1092,-9,7
1102,-8,7
1112,-8,7
1122,-11,7
1132,-9,6
1142,-8,7
1152,-7,7
1162,-6,7
1172,-5,5
1182,-4,3
1192,-4,3
1202,-6,7
1212,-5,4
1222,-5,5
1232,-4,3
1242,-5,3
1252,-4,3
1262,-4,3
1272,-4,3
1282,-8,7
1292,-8,10
1302,-9,11
1312,-9,9
1323,-8,10
1333,-9,7
1343,-8,7
1353,-9,7
1363,-9,7
1373,-11,8
1383,-8,7
1393,-11,8
1403,-8,7
1413,-10,7
1423,-8,6
1433,-8,7
1443,-6,5
1453,-5,6
1463,-4,3
1473,-4,3
1483,-4,3
1493,-4,3
1503,-4,2
1513,-2,1
1523,-3,2
1533,-3,1
1543,-3,2
1553,-3,1
1563,-2,1
1573,-4,2
1583,-3,2
1593,-4,3
1603,-2,2
1613,-2,1
1623,-2,1
1633,-2,1
1643,-1,0
1653,-18,17
1663,-22,23
1673,-21,17
1683,-19,17
1693,-18,18
1703,-18,17
1713,-15,17
1723,-15,16
1733,-16,15
1743,-18,21
1753,-22,23
1764,-13,12
1774,-20,20
1784,-19,20
1794,-13,14
1804,-17,17
1814,-16,17
1824,-12,14
1834,-21,19
1844,-15,12
1854,-16,12
1864,-16,14
1874,-8,8
1884,-13,10
1894,-13,10
1904,-6,7
1914,-9,7
1924,-7,6
1934,-8,6
1944,-8,7
1954,-4,3
1964,-5,4
1974,-5,3
1984,-3,2
1994,-4,3
2004,-8,5
2014,-15,14
2024,-15,16
2034,-15,13
2044,-10,10
2054,-12,12
2064,-11,10
2074,-8,8
2084,-11,12
2094,-16,14
2104,-13,11
2114,-8,7
2124,-12,10
2134,-10,10
2144,-8,5
2154,-9,9
2164,-13,13
2174,-12,13
2184,-14,10
2194,-9,10
2205,-10,11
2215,-11,11
2225,-8,8
2235,-12,10
2245,-14,13
2255,-7,4
2265,-7,7
2275,-10,8
2285,-6,4
2295,-4,3
2305,-7,6
2315,-4,4
2325,-12,13
2335,-15,14
2345,-14,14
2355,-15,15
2365,-10,11
2375,-10,10
2385,-12,14
2395,-11,12
2405,-11,11
2415,-14,14
2425,-11,12
2435,-6,5
2445,-8,9
2455,-8,9
2465,-5,3
2475,-9,10
2485,-9,10
2495,-7,7
2505,-5,6
2515,-8,7
2525,-5,4
2535,-5,4
2545,-5,4
2555,-7,7
2565,-10,9
2575,-11,10
2585,-7,12
2595,-7,9
2605,-8,7
2615,-8,10
2625,-7,8
2635,-8,10
2646,-9,10
2656,-8,7
2666,-8,6
2676,-10,9
2686,-9,8
2696,-6,5
2706,-11,11
2716,-11,10
2726,-12,11
2736,-5,6
2746,-10,9
2756,-8,9
2766,-8,7
2776,-6,4
2786,-9,7
2796,-10,10
2806,-8,6
2816,-8,5
2826,-7,6
2836,-8,7
2846,-5,4
2856,-5,5
2866,-6,7
2876,-4,3
2886,-4,5
2896,-4,4
2906,-5,4
2916,-4,3
2926,-4,3
2936,-2,3
2946,-3,2
2956,-3,2
2966,-2,1
2976,-2,1
2986,-1,1
2996,-11,13
3006,-12,10
3016,-13,10
3026,-11,8
3036,-9,9
3046,-8,8
3056,-8,7
3066,-10,7
3076,-8,10
3087,-8,10
3097,-10,12
3107,-10,13
3117,-11,13
3127,-10,8
3137,-8,7
3147,-11,13
3157,-12,12
3167,-8,8
3177,-11,8
3187,-8,7
3197,-6,8
3207,-7,7
3217,-7,4
3227,-7,5
3237,-6,3
3247,-5,3
3257,-4,5
3267,-4,3
3277,-4,4
3287,-7,7
3297,-8,4
3307,-4,3
3317,-4,3
3327,-4,4
3337,-3,3
3347,-4,3
3357,-4,4
3367,-7,5
3377,-8,7
3387,-7,8
3397,-5,4
3407,-7,6
3417,-8,7
3427,-5,4
3437,-7,7
3447,-8,7
3457,-5,4
3467,-8,6
3477,-8,8
3487,-8,7
3497,-8,8
3507,-10,7
3517,-8,7
3528,-6,7
3538,-7,4
3548,-9,8
3558,-9,10
3568,-9,7
3578,-8,7
3588,-5,6
3598,-4,3
3608,-2,2
3618,-4,4
3628,-3,3
3638,-3,1
3648,-3,1
3658,-3,0
3668,-1,0
3678,-11,13
3688,-11,11
3698,-13,10
3708,-12,9
3718,-9,9
3728,-9,8
3738,-8,8
3748,-8,7
3758,-11,12
3768,-11,14
3778,-9,11
3788,-10,7
3798,-8,9
3808,-9,10
3818,-8,10
3828,-6,8
3838,-7,4
3848,-8,6
3858,-7,6
3868,-7,6
3878,-5,5
3888,-5,5
3898,-4,6
3908,-4,4
3918,-6,6
3928,-6,3
3938,-4,3
3948,-5,3
3958,-4,3
3969,-3,3
3979,-4,3
3989,-4,3
3999,-8,7
4009,-9,6
4019,-4,5
4029,-7,7
4039,-5,6
4049,-5,4
4059,-6,5
4069,-6,5
4079,-8,5
4089,-7,9
4099,-5,8
4109,-6,3
4119,-8,6
4129,-5,4
4139,-5,4
4149,-5,5
4159,-7,5
4169,-7,6
4179,-8,6
4189,-8,7
4199,-5,7
4209,-8,3
4219,-8,8
4229,-6,7
4239,-8,5
4249,-9,8
4259,-7,7
4269,-8,4
4279,-6,7
4289,-4,4
4299,-4,2
4309,-4,2
4319,-3,2
4329,-2,1
4339,-1,1
4349,-1,1
4359,-2,1
4369,-11,14
4379,-12,12
4389,-14,10
4399,-11,10
4410,-10,10
4420,-10,9
4430,-9,8
4440,-8,8
4450,-8,8
4460,-11,10
4470,-11,14
4480,-10,12
4490,-10,7
4500,-8,7
4510,-8,9
4520,-10,10
4530,-8,9
4540,-9,10
4550,-8,9
4560,-10,7
4570,-7,6
4580,-8,8
4590,-8,7
4600,-6,5
4610,-6,4
4620,-5,7
4630,-8,6
4640,-7,7
4650,-5,4
4660,-7,4
4670,-7,4
4680,-5,3
4690,-4,3
4700,-6,7
4710,-6,7
4720,-6,7
4730,-6,7
4740,-7,3
4750,-7,6
4760,-9,7
4770,-6,8
4780,-5,3
4790,-8,7
4800,-8,7
4810,-6,3
4820,-7,6
4830,-4,4
4840,-6,3
4851,-5,3
4861,-4,7
4871,-8,6
4881,-8,6
4891,-8,6
4901,-9,8
4911,-7,9
4921,-9,5
4931,-8,7
4941,-6,7
4951,-8,4
4961,-8,6
4971,-7,8
4981,-9,7
4991,-7,7
5001,-6,5
5011,-4,4
5021,-4,3
5031,-4,3
5041,-3,3
5051,-2,1
5061,-8,5
5071,-11,12
5081,-11,9
5091,-11,8
5101,-9,8
5111,-8,8
5121,-8,7
5131,-8,7
5141,-8,7
5151,-9,10
5161,-9,10
5171,-8,8
5181,-8,7
5191,-6,7
5201,-8,9
5211,-8,9
5221,-8,7
5231,-8,6
5241,-6,5
5251,-5,6
5261,-5,4
5271,-6,3
5281,-4,3
5292,-4,3
5302,-3,4
5312,-3,3
5322,-3,1
5332,-3,1
5342,-3,2
5352,-3,2
5362,-2,1
5372,-2,1
5382,-1,1
5392,-1,1
5402,-2,1
5412,-2,1
5422,-1,1
5432,-3,3
5442,-3,3
5452,-2,3
5462,-3,3
5472,-2,2
5482,-2,3
5492,-3,3
5502,-3,2
5512,-3,2
5522,-3,2
5532,-4,3
5542,-5,6
5552,-4,3
5562,-5,3
5572,-4,4
5582,-3,2
5592,-4,3
5602,-4,3
5612,-4,3
5622,-6,4
5632,-6,3
5642,-4,3
5652,-5,3
5662,-6,5
5672,-5,5
5682,-5,5
5692,-5,3
5702,-4,3
5712,-3,3
5722,-4,2
5733,-6,5
5743,-6,7
5753,-8,6
5763,-9,9
5773,-8,6
5783,-7,7
5793,-5,7
5803,-7,9
5813,-8,9
5823,-7,7
5833,-6,7
5843,-6,7
5853,-15,8
5863,-16,14
5873,-16,12
5883,-16,14
5893,-13,12
5903,-11,12
5913,-11,11
5923,-11,10
5933,-13,11
5943,-15,14
5953,-11,10
5963,-8,10
5973,-11,13
5983,-9,10
5993,-8,7
6003,-7,6
6013,-7,10
6023,-11,8
6033,-7,7
6043,-6,7
6053,-6,7
6063,-7,7
6073,-6,7
6083,-6,3
6093,-6,6
6103,-5,3
6113,-4,3
6123,-4,3
6133,-4,3
6143,-4,5
6153,-7,5
6163,-4,3
6174,-4,3
6184,-4,5
6194,-4,4
6204,-5,3
6214,-5,3
6224,-3,3
6234,-4,2
6244,-2,4
6254,-5,7
6264,-5,5
6274,-5,5
6284,-5,5
6294,-5,3
6304,-4,3
6314,-4,3
6324,-4,3
6334,-6,5
6344,-10,7
6354,-9,7
6364,-7,5
6374,-4,2
6384,-5,7
6394,-9,11
6404,-9,9
6414,-5,7
6424,-5,6
6434,-4,4
6444,-7,7
6454,-7,5
6464,-12,11
6474,-16,10
6484,-15,10
6494,-14,14
6504,-9,11
6514,-10,11
6524,-10,11
6534,-9,10
6544,-7,7
6554,-7,7
6564,-5,7
6574,-7,7
6584,-8,11
6594,-4,6
6604,-4,4
6615,-4,3
6625,-4,3
6635,-6,5
6645,-6,6
6655,-4,3
6665,-4,3
6675,-2,2
6685,-4,3
6695,-3,2
6705,-3,3
6715,-4,3
6725,-4,3
6735,-3,3
6745,-4,3
6755,-4,3
6765,-4,3
6775,-4,3
6785,-4,3
6795,-4,2
6805,-5,2
6815,-7,6
6825,-8,10
6835,-8,8
6845,-10,13
6855,-10,7
6865,-10,8
6875,-8,12
6885,-10,7
6895,-8,9
6905,-7,7
6915,-9,5
6925,-6,5
6935,-5,3
6945,-5,4
6955,-4,3
6965,-5,3
6975,-4,3
6985,-5,5
6995,-4,3
7005,-5,4
7015,-4,4
7025,-3,2
7035,-4,3
7045,-4,3
7056,-2,2
7066,-10,11
7076,-11,13
7086,-9,12
7096,-11,12
7106,-11,10
7116,-8,10
7126,-13,16
7136,-10,10
7146,-10,7
7156,-13,17
7166,-11,14
7176,-15,10
7186,-11,12
7196,-13,16
7206,-13,17
7216,-13,14
7226,-13,14
7236,-8,10
7246,-11,10
7256,-7,8
7266,-13,12
7276,-11,8
7286,-7,12
7296,-10,7
7306,-6,6
7316,-6,5
7326,-7,6
7336,-7,6
7346,-5,5
7356,-7,3
7366,-4,1
7376,-4,3
7386,-4,4
7396,-4,4
7406,-4,3
7416,-4,3
7426,-3,3
7436,-4,2
7446,-3,1
7456,-3,1
7466,-3,2
7476,-5,3
7486,-4,7
7497,-6,4
7507,-5,3
7517,-6,5
7527,-5,4
7537,-5,4
7547,-4,5
7557,-5,4
7567,-8,5
7577,-6,7
7587,-8,9
7597,-7,7
7607,-7,6
7617,-6,5
7627,-6,4
7637,-7,7
7647,-8,7
7657,-5,5
7667,-5,3
7677,-8,7
7687,-8,7
7697,-8,6
7707,-4,5
7717,-5,4
7727,-7,8
7737,-7,7
7747,-7,7
7757,-4,5
7767,-8,9
7777,-12,14
7787,-19,14
7797,-16,17
7807,-16,17
7817,-13,21
7827,-13,16
7837,-14,12
7847,-14,13
7857,-15,11
7867,-11,8
7877,-10,10
7887,-8,8
7897,-8,9
7907,-8,8
7917,-6,5
7927,-7,5
7938,-5,5
7948,-4,5
7958,-7,3
7968,-5,5
7978,-6,4
7988,-4,5
7998,-4,4
8008,-4,2
8018,-4,3
8028,-3,3
8038,-4,3
8048,-4,3
8058,-4,3
8068,-4,3
8078,-4,3
8088,-3,2
8098,-3,4
8108,-6,5
8118,-11,7
8128,-8,14
8138,-15,9
8148,-8,7
8158,-11,9
8168,-11,11
8178,-11,8
8188,-11,9
8198,-8,7
8208,-7,6
8218,-6,6
8228,-5,5
8238,-6,7
8248,-5,3
8258,-5,4
8268,-9,6
8278,-9,9
8288,-8,8
8298,-5,5
8308,-7,5
8318,-5,7
8328,-11,6
8338,-8,8
8348,-8,7
8358,-8,7
8368,-7,7
8379,-9,7
8389,-6,6
8399,-5,7
8409,-5,7
8419,-4,4
8429,-4,3
8439,-14,14
8449,-14,14
8459,-17,11
8469,-16,13
8479,-11,11
8489,-15,14
8499,-11,11
8509,-10,13
8519,-13,12
8529,-11,13
8539,-9,10
8549,-8,8
8559,-9,9
8569,-8,9
8579,-6,7
8589,-7,4
8599,-8,5
8609,-7,6
8619,-4,6
8629,-5,4
8639,-4,5
8649,-4,4
8659,-4,3
8669,-4,2
8679,-4,3
8689,-7,4
8699,-3,3
8709,-4,3
8719,-4,3
8729,-4,2
8739,-4,2
8749,-4,6
8759,-14,7
8769,-13,11
8779,-15,7
8789,-16,12
8799,-11,10
8809,-13,14
8820,-12,8
8830,-13,13
8840,-9,6
8850,-11,11
8860,-13,10
8870,-8,5
8880,-5,5
8890,-6,4
8900,-5,4
8910,-7,5
8920,-5,5
8930,-6,7
8940,-7,5
8950,-7,4
8960,-5,4
8970,-6,4
8980,-4,6
8990,-5,4
9000,-7,5
9010,-7,6
9020,-5,5
9030,-4,3
9040,-4,3
9050,-5,5
9060,-5,5
9070,-9,10
9080,-11,7
9090,-11,12
9100,-10,11
9110,-15,14
9120,-15,12
9130,-8,12
9140,-11,13
9150,-8,14
9160,-11,10
9170,-15,11
9180,-8,8
9190,-11,10
9200,-10,12
9210,-8,8
9220,-10,10
9230,-9,7
9240,-9,7
9250,-11,10
9261,-13,10
9271,-9,11
9281,-8,10
9291,-8,8
9301,-8,8
9311,-6,5
9321,-15,11
9331,-11,13
9341,-10,9
9351,-8,10
9361,-9,13
9371,-10,9
9381,-9,7
9391,-8,8
9401,-13,13
9411,-16,10
9421,-18,12
9431,-18,21
9441,-15,11
9451,-17,17
9461,-18,15
9471,-14,13
9481,-15,12
9491,-16,13
9501,-15,21
9511,-15,12
9521,-9,13
9531,-11,13
9541,-13,12
9551,-15,14
9561,-12,14
9571,-8,10
9581,-11,10
9591,-11,8
9601,-13,13
9611,-12,14
9621,-8,9
9631,-7,7
9641,-8,6
9651,-11,12
9661,-14,14
9671,-9,12
9681,-6,7
9691,-7,5
9702,-7,5
9712,-8,8
9722,-15,18
9732,-15,14
9742,-15,16
9752,-18,14
9762,-18,16
9772,-23,21
9782,-12,16
9792,-12,12
9802,-15,18
9812,-18,19
9822,-17,18
9832,-13,14
9842,-10,10
9852,-8,9
9862,-9,11
9872,-8,11
9882,-9,10
9892,-11,7
9902,-8,11
9912,-8,11
9922,-8,5
9932,-8,4
9942,-6,5
9952,-6,5
9962,-7,7
9972,-8,7
9982,-5,4
9992,-8,7
10002,-7,6
10012,-5,4
10022,-6,4
10032,-4,4
10042,-5,3
10052,-5,5
10062,-9,8
10072,-12,9
10082,-14,10
10092,-18,14
10102,-18,14
10112,-14,16
10122,-18,9
10132,-15,14
10143,-12,19
10153,-14,17
10163,-13,10
10173,-11,9
10183,-8,10
10193,-9,9
10203,-8,8
10213,-8,7
10223,-6,7
10233,-8,7
10243,-8,5
10253,-7,4
10263,-7,7
10273,-7,7
10283,-7,5
10293,-7,6
10303,-5,6
10313,-4,4
10323,-4,2
10333,-4,6
10343,-6,4
10353,-5,3
10363,-4,3
10373,-3,3
10383,-3,3
10393,-4,5
10403,-10,18
10413,-13,14
10423,-17,20
10433,-20,18
10443,-18,14
10453,-20,18
10463,-14,10
10473,-11,16
10483,-11,10
10493,-10,10
10503,-11,8
10513,-11,6
10523,-6,5
10533,-4,7
10543,-7,7
10553,-6,6
10563,-5,6
10573,-5,3
10584,-4,3
10594,-4,4
10604,-4,3
10614,-3,2
10624,-2,3
10634,-5,3
10644,-4,5
10654,-5,4
10664,-6,4
10674,-4,4
10684,-4,4
10694,-4,3
10704,-4,4
10714,-4,3
10724,-7,8
10734,-14,14
10744,-15,16
10754,-15,13
10764,-19,19
10774,-17,19
10784,-13,14
10794,-12,13
10804,-14,13
10814,-14,16
10824,-12,17
10834,-12,14
10844,-17,10
10854,-12,14
10864,-10,9
10874,-13,10
10884,-11,7
10894,-8,7
10904,-15,12
10914,-12,9
10924,-14,11
10934,-17,13
10944,-13,18
10954,-13,15
10964,-16,13
10974,-14,16
10984,-17,19
10994,-17,21
11004,-21,20
11014,-19,16
11025,-11,10
11035,-16,14
11045,-17,14
11055,-15,14
11065,-18,17
11075,-17,17
11085,-13,12
11095,-14,9
11105,-15,14
11115,-15,18
11125,-11,10
11135,-15,14
11145,-10,7
11155,-11,12
11165,-11,10
11175,-11,10
11185,-8,6
11195,-9,7
11205,-9,10
11215,-9,7
11225,-6,8
11235,-10,8
11245,-10,10
11255,-11,9
11265,-7,7
11275,-8,8
11285,-11,11
11295,-14,11
11305,-8,8
11315,-11,7
11325,-10,10
11335,-11,10
11345,-13,11
11355,-11,10
11365,-14,14
11375,-12,11
11385,-13,11
11395,-15,16
11405,-17,14
11415,-13,15
11425,-18,24
11435,-11,16
11445,-11,13
11455,-12,13
11466,-8,12
11476,-13,10
11486,-10,7
11496,-9,10
11506,-8,6
11516,-8,5
11526,-5,3
11536,-5,3
11546,-5,4
11556,-8,7
11566,-8,8
11576,-6,7
11586,-5,4
11596,-5,6
11606,-5,7
11616,-4,3
11626,-6,4
11636,-7,6
11646,-6,6
11656,-5,6
11666,-8,6
11676,-7,3
11686,-3,2
11696,-6,4
11706,-6,5
11716,-7,7
11726,-7,5
11736,-4,6
11746,-6,8
11756,-7,7
11766,-5,7
11776,-4,5
11786,-4,5
11796,-6,6
11806,-5,6
11816,-6,6
11826,-6,4
11836,-5,2
11846,-4,3
11856,-4,4
11866,-4,4
11876,-4,3
11886,-4,3
11896,-4,5
11907,-4,4
11917,-4,4
11927,-4,4
11937,-7,6
11947,-6,7
11957,-5,4
11967,-4,3
11977,-5,4
11987,-5,4
11997,-4,3
12007,-4,2
12017,-4,3
12027,-6,6
12037,-7,8
12047,-7,10
12057,-8,9
12067,-8,9
12077,-8,6
12087,-6,7
12097,-8,7
12107,-7,8
12117,-7,4
12127,-7,4
12137,-4,4
12147,-5,3
12157,-4,4
12167,-4,3
12177,-4,2
12187,-2,1
12197,-8,5
12207,-7,6
12217,-7,7
12227,-8,7
12237,-7,8
12247,-6,7
12257,-7,6
12267,-5,7
12277,-7,7
12287,-5,5
12297,-6,5
12307,-8,7
12317,-8,7
12327,-6,5
12337,-6,3
12348,-4,4
12358,-11,7
12368,-11,10
12378,-11,14
12388,-8,10
12398,-11,10
12408,-13,11
12418,-9,9
12428,-11,7
12438,-11,8
12448,-11,11
12458,-9,9
12468,-6,6
12478,-7,6
12488,-7,7
12498,-7,7
12508,-5,3
12518,-7,6
12528,-7,5
12538,-7,7
12548,-8,7
12558,-10,10
12568,-8,7
12578,-6,6
12588,-7,7
12598,-7,9
12608,-6,5
12618,-5,5
12628,-8,7
12638,-8,8
12648,-6,3
12658,-5,4
12668,-6,7
12678,-14,16
12688,-11,10
12698,-13,12
12708,-7,10
12718,-10,11
12728,-8,10
12738,-11,7
12748,-8,8
12758,-9,9
12768,-9,10
12778,-9,9
12789,-9,8
12799,-8,8
12809,-7,7
12819,-6,7
12829,-6,6
12839,-5,5
12849,-5,4
12859,-8,9
12869,-11,9
12879,-8,11
12889,-8,10
12899,-11,10
12909,-8,8
12919,-8,8
12929,-10,7
12939,-8,7
12949,-11,10
12959,-12,7
12969,-9,7
12979,-6,6
12989,-8,5
12999,-6,10
13009,-10,10
13019,-12,13
13029,-11,15
13039,-11,14
13049,-9,13
13059,-11,14
13069,-10,15
13079,-12,14
13089,-12,11
13099,-11,7
13109,-7,7
13119,-6,8
13129,-8,9
13139,-8,4
13149,-4,3
13159,-4,4
13169,-8,8
13179,-7,7
13189,-7,6
13199,-7,6
13209,-7,7
13219,-8,7
13230,-9,10
13240,-8,6
13250,-6,6
13260,-8,7
13270,-8,8
13280,-7,4
13290,-4,3
13300,-6,4
13310,-5,5
13320,-5,4
13330,-8,7
13340,-11,9
13350,-9,10
13360,-13,14
13370,-8,10
13380,-14,12
13390,-15,13
13400,-11,8
13410,-7,9
13420,-10,7
13430,-7,7
13440,-6,7
13450,-5,7
13460,-5,3
13470,-3,3
13480,-2,3
13490,-8,7
13500,-8,7
13510,-6,7
13520,-8,6
13530,-8,9
13540,-7,8
13550,-7,6
13560,-6,7
13570,-5,7
13580,-8,8
13590,-8,8
13600,-8,8
13610,-7,6
13620,-4,4
13630,-6,5
13640,-9,6
13650,-9,7
13660,-5,4
13671,-9,10
13681,-12,10
13691,-18,13
13701,-9,10
13711,-11,11
13721,-15,8
13731,-11,9
13741,-12,10
13751,-12,9
13761,-11,14
13771,-12,15
13781,-9,8
13791,-11,8
13801,-11,10
13811,-10,10
13821,-9,10
13831,-11,10
13841,-11,8
13851,-9,9
13861,-8,9
13871,-10,10
13881,-10,8
13891,-8,8
13901,-8,8
13911,-11,12
13921,-10,13
13931,-8,6
13941,-6,5
13951,-9,8
13961,-8,7
13971,-6,6
13981,-5,3
13991,-8,10
14001,-14,11
14011,-15,15
14021,-18,14
14031,-22,15
14041,-15,17
14051,-22,18
14061,-15,20
14071,-15,14
14081,-18,15
14091,-14,14
14101,-18,17
14112,-12,11
14122,-14,10
14132,-11,10
14142,-13,11
14152,-11,10
14162,-8,7
14172,-9,6
14182,-10,11
14192,-9,7
14202,-8,6
14212,-9,7
14222,-9,10
14232,-8,7
14242,-7,6
14252,-5,4
14262,-6,5
14272,-6,6
14282,-5,6
14292,-4,5
14302,-5,4
14312,-6,4
14322,-14,10
14332,-15,13
14342,-8,8
14352,-14,10
14362,-11,14
14372,-15,11
14382,-10,14
14392,-10,12
14402,-12,14
14412,-9,10
14422,-7,5
14432,-7,5
14442,-5,4
14452,-7,5
14462,-8,6
14472,-6,7
14482,-7,7
14492,-5,7
14502,-6,4
14512,-7,7
14522,-5,6
14532,-5,6
14542,-11,8
14553,-10,9
14563,-7,6
14573,-6,4
14583,-11,8
14593,-9,8
14603,-8,6
14613,-7,3
14623,-8,5
14633,-11,11
14643,-11,11
14653,-13,18
14663,-14,14
14673,-12,14
14683,-15,14
14693,-12,14
14703,-13,21
14713,-16,12
14723,-22,21
14733,-22,21
14743,-21,21
14753,-25,25
14763,-18,22
14773,-17,18
14783,-18,21
14793,-18,17
14803,-14,16
14813,-13,12
14823,-15,11
14833,-21,13
14843,-20,17
14853,-14,20
14863,-11,13
14873,-15,11
14883,-14,13
14893,-13,12
14903,-10,7
14913,-13,8
14923,-12,13
14933,-9,12
14943,-10,7
14953,-10,6
14963,-10,8
14973,-8,7
14983,-17,14
14994,-18,22
15004,-15,21
15014,-12,24
15024,-13,18
15034,-15,19
15044,-17,21
15054,-18,14
15064,-19,17
15074,-15,14
15084,-14,15
15094,-11,10
15104,-11,11
15114,-10,10
15124,-11,7
15134,-8,10
15144,-18,12
15154,-11,14
15164,-15,10
15174,-10,10
15184,-10,10
15194,-11,12
15204,-11,10
15214,-8,10
15224,-8,9
15234,-8,9
15244,-11,11
15254,-11,12
15264,-11,10
15274,-8,7
15284,-8,7
15294,-8,8
15304,-12,11
15314,-15,17
15324,-25,21
15334,-17,17
15344,-29,21
15354,-29,24
15364,-18,23
15374,-25,26
15384,-17,18
15394,-18,21
15404,-19,17
15414,-15,15
15424,-13,16
15435,-11,10
15445,-8,10
15455,-10,10
15465,-11,9
15475,-12,17
15485,-10,10
15495,-11,13
15505,-9,10
15515,-11,11
15525,-8,10
15535,-10,7
15545,-10,9
15555,-11,9
15565,-11,9
15575,-11,10
15585,-14,12
15595,-11,10
15605,-8,10
15615,-9,7
15625,-12,10
15635,-13,10
15645,-11,18
15655,-14,20
15665,-18,14
15675,-17,22
15685,-22,17
15695,-25,21
15705,-25,18
15715,-25,11
15725,-17,17
15735,-20,21
15745,-23,21
15755,-15,13
15765,-17,12
15775,-11,10
15785,-5,7
15795,-6,6
15805,-10,7
15815,-11,10
15825,-10,11
15835,-9,12
15845,-10,7
15855,-11,8
15865,-9,8
15876,-8,10
15886,-8,10
15896,-11,10
15906,-9,11
15916,-9,8
15926,-8,6
15936,-8,7
15946,-10,8
15956,-11,8
15966,-21,18
15976,-19,23
15986,-26,19
15996,-21,35
16006,-22,35
16016,-25,21
16026,-20,21
16036,-21,18
16046,-16,34
16056,-23,18
16066,-21,21
16076,-19,22
16086,-22,17
16096,-14,15
16106,-18,20
16116,-17,14
16126,-14,11
16136,-11,12
16146,-18,14
16156,-15,13
16166,-11,11
16176,-10,12
16186,-18,16
16196,-14,18
16206,-14,9
16216,-12,14
16226,-15,16
16236,-15,17
16246,-15,13
16256,-11,7
16266,-13,14
16276,-16,17
16286,-17,26
16296,-16,21
16306,-15,18
16317,-14,18
16327,-21,21
16337,-19,23
16347,-18,13
16357,-11,18
16367,-17,21
16377,-26,19
16387,-19,13
16397,-15,10
16407,-13,11
16417,-13,11
16427,-11,14
16437,-9,11
16447,-8,12
16457,-11,10
16467,-12,11
16477,-8,7
16487,-11,8
16497,-12,11
16507,-10,10
16517,-11,9
16527,-10,15
16537,-8,13
16547,-11,9
16557,-9,7
16567,-9,8
16577,-7,8
16587,-5,5
16597,-5,5
16607,-5,7
16617,-16,14
16627,-12,15
16637,-12,10
16647,-14,9
16657,-16,13
16667,-14,13
16677,-25,17
16687,-21,17
16697,-15,15
16707,-10,10
16717,-15,10
16727,-11,17
16737,-10,20
16747,-11,14
16758,-14,12
16768,-11,15
16778,-23,17
16788,-18,20
16798,-16,12
16808,-16,14
16818,-18,18
16828,-17,19
16838,-20,14
16848,-26,20
16858,-22,19
16868,-17,17
16878,-12,9
16888,-15,12
16898,-15,20
16908,-15,25
16918,-15,21
16928,-20,17
16938,-16,17
16948,-18,25
16958,-24,18
16968,-22,28
16978,-26,35
16988,-24,29
16998,-29,24
17008,-24,25
17018,-29,29
17028,-25,14
17038,-25,22
17048,-29,24
17058,-34,32
17068,-25,26
17078,-25,28
17088,-25,17
17098,-22,23
17108,-18,15
17118,-25,23
17128,-28,28
17138,-38,32
17148,-36,27
17158,-28,29
17168,-23,26
17178,-36,23
17188,-43,28
17199,-36,39
17209,-22,35
17219,-22,20
17229,-32,24
17239,-28,24
17249,-18,20
17259,-27,17
17269,-30,21
17279,-21,29
17289,-25,23
17299,-21,20
17309,-28,22
17319,-22,21
17329,-22,21
17339,-22,25
17349,-33,26
17359,-25,25
17369,-22,21
17379,-29,21
17389,-31,24
17399,-24,22
17409,-13,21
17419,-12,16
17429,-18,16
17439,-17,16
17449,-17,19
17459,-21,25
17469,-21,14
17479,-20,18
17489,-18,19
17499,-19,21
17509,-12,10
17519,-20,18
17529,-18,17
17539,-21,21
17549,-17,15
17559,-20,17
17569,-15,15
17579,-17,22
17589,-11,12
17599,-11,12
17609,-10,10
17619,-11,11
17629,-15,14
17640,-15,17
17650,-9,16
17660,-9,11
17670,-9,14
17680,-11,18
17690,-9,15
17700,-8,14
17710,-8,12
17720,-5,9
17730,-11,10
17740,-10,13
17750,-10,13
17760,-10,10
17770,-11,11
17780,-8,9
17790,-8,8
17800,-8,8
17810,-14,10
17820,-13,14
17830,-14,14
17840,-11,11
17850,-14,10
17860,-15,12
17870,-13,13
17880,-9,10
17890,-9,9
17900,-11,8
17910,-13,13
17920,-11,14
17930,-11,15
17940,-12,10
17950,-8,10
17960,-11,9
17970,-13,14
17980,-12,11
17990,-11,10
18000,-11,10
18010,-12,8
18020,-13,9
18030,-12,8
18040,-10,12
18050,-13,12
18060,-18,11
18070,-15,7
18081,-8,7
18091,-8,10
18101,-11,10
18111,-11,8
18121,-8,9
18131,-14,17
18141,-15,10
18151,-13,12
18161,-11,12
18171,-13,14
18181,-11,12
18191,-14,12
18201,-12,17
18211,-17,17
18221,-14,9
18231,-10,10
18241,-9,13
18251,-12,14
18261,-14,9
18271,-9,7
18281,-11,10
18291,-21,18
18301,-18,18
18311,-25,25
18321,-25,24
18331,-33,35
18341,-33,35
18351,-20,26
18361,-22,28
18371,-25,29
18381,-27,27
18391,-21,21
18401,-22,23
18411,-24,21
18421,-19,24
18431,-22,15
18441,-20,19
18451,-21,15
18461,-20,29
18471,-22,27
18481,-32,33
18491,-27,36
18501,-33,34
18511,-24,36
18522,-36,32
18532,-21,30
18542,-33,33
18552,-22,25
18562,-30,21
18572,-20,25
18582,-29,25
18592,-21,23
18602,-24,18
18612,-16,23
18622,-22,21
18632,-24,23
18642,-29,21
18652,-26,28
18662,-25,21
18672,-22,26
18682,-24,17
18692,-22,25
18702,-25,20
18712,-27,25
18722,-26,16
18732,-19,19
18742,-18,14
18752,-18,19
18762,-18,14
18772,-15,14
18782,-15,10
18792,-17,15
18802,-17,16
18812,-12,13
18822,-11,14
18832,-13,14
18842,-11,13
18852,-14,14
18862,-11,14
18872,-15,17
18882,-11,16
18892,-12,14
18902,-12,13
18912,-11,11
18922,-10,10
18932,-11,10
18942,-10,8
18952,-7,7
18963,-8,9
18973,-11,10
18983,-8,12
18993,-8,8
19003,-7,7
19013,-8,7
19023,-8,7
19033,-9,8
19043,-8,7
19053,-6,6
19063,-9,10
19073,-10,10
19083,-7,7
19093,-4,7
19103,-8,8
19113,-9,10
19123,-8,7
19133,-5,4
19143,-8,7
19153,-8,7
19163,-6,7
19173,-5,4
19183,-8,6
19193,-7,5
19203,-4,5
19213,-8,3
19223,-7,6
19233,-7,6
19243,-6,5
19253,-8,4
19263,-5,3
19273,-5,3
19283,-5,3
19293,-5,4
19303,-8,10
19313,-8,13
19323,-15,13
19333,-13,10
19343,-8,9
19353,-7,9
19363,-8,9
19373,-8,8
19383,-9,6
19393,-9,10
19404,-9,10
19414,-6,8
19424,-9,8
19434,-11,9
19444,-9,8
19454,-6,6
19464,-8,6
19474,-8,7
19484,-6,6
19494,-4,5
19504,-8,6
19514,-8,5
19524,-5,5
19534,-6,3
19544,-7,4
19554,-6,6
19564,-4,5
19574,-4,3
19584,-6,7
19594,-7,6
19604,-6,4
19614,-4,3
19624,-6,4
19634,-6,4
19644,-10,9
19654,-8,11
19664,-8,10
19674,-10,10
19684,-8,11
19694,-8,12
19704,-8,10
19714,-7,7
19724,-8,9
19734,-11,12
19744,-8,11
19754,-8,8
19764,-10,12
19774,-11,10
19784,-7,7
19794,-10,5
19804,-10,10
19814,-8,9
19824,-12,14
19834,-8,10
19845,-12,10
19855,-12,13
19865,-15,12
19875,-18,11
19885,-19,14
19895,-18,15
19905,-9,10
19915,-9,11
19925,-10,9
19935,-11,10
19945,-8,7
19955,-7,7
19965,-7,6
19975,-12,7
19985,-22,21
19995,-24,19
20005,-21,29
20015,-14,17
20025,-18,27
20035,-20,20
20045,-16,28
20055,-19,14
20065,-14,15
20075,-19,15
20085,-12,14
20095,-18,12
20105,-11,10
20115,-9,9
20125,-10,10
20135,-9,6
20145,-16,18
20155,-18,20
20165,-28,28
20175,-40,36
20185,-25,25
20195,-28,29
20205,-32,29
20215,-30,29
20225,-22,30
20235,-25,23
20245,-27,23
20255,-22,23
20265,-28,21
20275,-21,21
20286,-19,14
20296,-19,20
20306,-18,17
20316,-18,17
20326,-20,26
20336,-37,32
20346,-40,28
20356,-34,32
20366,-43,34
20376,-33,34
20386,-45,47
20396,-33,35
20406,-33,38
20416,-26,23
20426,-43,38
20436,-25,27
20446,-29,25
20456,-30,32
20466,-36,35
20476,-27,34
20486,-24,25
20496,-27,37
20506,-33,21
20516,-20,32
20526,-33,29
20536,-26,29
20546,-22,21
20556,-36,22
20566,-22,25
20576,-25,31
20586,-25,39
20596,-18,25
20606,-22,21
20616,-19,21
20626,-31,25
20636,-22,17
20646,-17,16
20656,-15,13
20666,-15,14
20676,-13,14
20686,-9,8
20696,-15,11
20706,-15,11
20716,-15,13
20727,-17,17
20737,-13,12
20747,-11,11
20757,-11,12
20767,-12,10
20777,-14,12
20787,-15,15
20797,-15,12
20807,-12,10
20817,-15,15
20827,-15,16
20837,-8,6
20847,-12,13
20857,-12,12
20867,-10,8
20877,-12,11
20887,-12,9
20897,-9,8
20907,-5,5
20917,-7,5
20927,-6,4
20937,-12,8
20947,-18,15
20957,-19,17
20967,-16,15
20977,-12,12
20987,-11,10
20997,-12,10
21007,-11,7
21017,-10,7
21027,-8,11
21037,-25,25
21047,-20,28
21057,-18,19
21067,-21,21
21077,-20,20
21087,-18,19
21097,-18,16
21107,-19,16
21117,-16,14
21127,-16,16
21137,-15,14
21147,-11,13
21157,-14,14
21168,-8,7
21178,-8,7
21188,-8,7
21198,-15,14
21208,-9,14
21218,-8,10
21228,-9,7
21238,-9,9
21248,-8,9
21258,-8,10
21268,-15,16
21278,-14,10
21288,-11,9
21298,-14,15
21308,-11,11
21318,-6,9
21328,-10,10
21338,-10,10
21348,-11,11
21358,-15,14
21368,-16,16
21378,-16,14
21388,-15,15
21398,-11,12
21408,-10,11
21418,-14,13
21428,-14,15
21438,-9,8
21448,-8,10
21458,-11,11
21468,-6,6
21478,-8,7
21488,-8,8
21498,-7,7
21508,-5,4
21518,-11,10
21528,-10,9
21538,-7,4
21548,-8,4
21558,-7,6
21568,-5,3
21578,-5,3
21588,-5,3
21598,-4,3
21609,-6,7
21619,-6,6
21629,-5,4
21639,-5,6
21649,-5,5
21659,-4,3
21669,-4,4
21679,-4,3
21689,-8,7
21699,-9,7
21709,-10,11
21719,-8,7
21729,-8,9
21739,-8,9
21749,-8,10
21759,-6,6
21769,-10,9
21779,-9,10
21789,-6,4
21799,-6,7
21809,-8,9
21819,-7,7
21829,-6,10
21839,-15,12
21849,-9,8
21859,-9,7
21869,-9,7
21879,-7,7
21889,-7,7
21899,-7,6
21909,-14,12
21919,-13,11
21929,-9,11
21939,-10,8
21949,-9,10
21959,-8,6
21969,-6,7
21979,-8,8
21989,-10,14
21999,-11,9
22009,-12,12
22019,-10,10
22029,-11,9
22039,-12,12
22050,-11,9
22060,-8,10
22070,-11,11
22080,-11,10
22090,-13,12
22100,-12,11
22110,-10,10
22120,-10,11
22130,-8,5
22140,-8,7
22150,-8,7
22160,-12,11
22170,-12,12
22180,-13,14
22190,-15,14
22200,-15,13
22210,-13,14
22220,-13,12
22230,-11,12
22240,-14,11
22250,-16,15
22260,-13,13
22270,-10,9
22280,-12,11
22290,-11,10
22300,-11,8
22310,-12,10
22320,-11,11
22330,-15,11
22340,-18,19
22350,-22,19
22360,-19,24
22370,-22,19
22380,-22,24
22390,-20,28
22400,-19,23
22410,-21,21
22420,-29,25
22430,-25,27
22440,-27,28
22450,-28,28
22460,-30,28
22470,-27,23
22480,-25,21
22491,-17,21
22501,-25,32
22511,-39,32
22521,-23,24
22531,-35,32
22541,-28,30
22551,-23,22
22561,-25,28
22571,-22,23
22581,-25,21
22591,-26,30
22601,-24,35
22611,-27,34
22621,-22,35
22631,-24,30
22641,-18,23
22651,-23,25
22661,-24,23
22671,-23,28
22681,-33,24
22691,-26,29
22701,-27,25
22711,-25,26
22721,-27,25
22731,-22,27
22741,-23,17
22751,-33,31
22761,-29,35
22771,-24,24
22781,-33,31
22791,-25,27
22801,-23,18
22811,-22,22
22821,-26,26
22831,-20,19
22841,-24,26
22851,-22,21
22861,-15,17
22871,-22,19
22881,-21,18
22891,-24,21
22901,-15,21
22911,-20,20
22921,-24,19
22932,-18,13
22942,-20,17
22952,-18,14
22962,-15,11
22972,-14,12
22982,-12,11
22992,-11,8
23002,-12,10
23012,-7,7
23022,-10,7
23032,-12,10
23042,-6,3
23052,-6,5
23062,-6,5
23072,-4,3
23082,-4,3
23092,-3,2
23102,-7,5
23112,-8,8
23122,-8,7
23132,-8,7
23142,-8,6
23152,-6,5
23162,-5,4
23172,-4,3
23182,-20,17
23192,-18,14
23202,-12,11
23212,-14,14
23222,-12,13
23232,-11,10
23242,-12,12
23252,-12,13
23262,-17,15
23272,-22,22
23282,-20,17
23292,-11,10
23302,-16,17
23312,-17,14
23322,-7,7
23332,-14,13
23342,-16,17
23352,-22,18
23362,-21,23
23373,-25,25
23383,-18,20
23393,-16,16
23403,-21,21
23413,-17,17
23423,-18,17
23433,-15,12
23443,-17,16
23453,-17,17
23463,-13,14
23473,-15,14
23483,-13,14
23493,-11,10
23503,-17,19
23513,-20,20
23523,-17,17
23533,-13,13
23543,-13,13
23553,-13,11
23563,-12,10
23573,-13,10
23583,-15,14
23593,-17,17
23603,-14,14
23613,-9,9
23623,-15,14
23633,-13,10
23643,-9,9
23653,-13,12
23663,-11,10
23673,-10,10
23683,-43,44
23693,-46,40
23703,-42,45
23713,-38,42
23723,-43,49
23733,-33,35
23743,-43,44
23753,-43,39
23763,-30,32
23773,-41,37
23783,-37,32
23793,-28,23
23803,-34,29
23814,-26,22
23824,-25,22
23834,-29,22
23844,-25,34
23854,-25,46
23864,-36,46
23874,-36,41
23884,-29,33
23894,-27,35
23904,-29,32
23914,-22,28
23924,-25,20
23934,-25,28
23944,-20,18
23954,-19,16
23964,-23,24
23974,-17,14
23984,-15,14
23994,-22,18
24004,-15,14
24014,-21,18
24024,-25,25
24034,-28,25
24044,-25,28
24054,-22,20
24064,-20,19
24074,-21,16
24084,-18,14
24094,-22,21
24104,-18,16
24114,-18,12
24124,-18,17
24134,-14,15
24144,-15,10
24154,-14,14
24164,-12,11
24174,-17,18
24184,-27,30
24194,-25,28
24204,-23,24
24214,-27,29
24224,-22,24
24234,-18,18
24244,-23,22
24255,-23,24
24265,-20,17
24275,-20,18
24285,-23,19
24295,-17,14
24305,-15,13
24315,-17,15
24325,-13,12
24335,-16,14
24345,-19,17
24355,-10,10
24365,-12,10
24375,-16,14
24385,-10,6
24395,-9,9
24405,-10,10
24415,-8,6
24425,-12,13
24435,-13,13
24445,-8,8
24455,-11,12
24465,-12,11
24475,-8,7
24485,-11,10
24495,-10,9
24505,-9,10
24515,-11,10
24525,-6,6
24535,-7,6
24545,-5,6
24555,-4,3
24565,-4,5
24575,-4,2
24585,-4,3
24595,-2,3
24605,-7,6
24615,-8,7
24625,-8,9
24635,-7,6
24645,-6,5
24655,-6,5
24665,-6,5
24675,-6,5
24685,-6,5
24696,-8,7
24706,-7,7
24716,-10,9
24726,-9,7
24736,-4,4
24746,-8,7
24756,-7,7
24766,-8,8
24776,-8,10
24786,-14,14
24796,-11,10
24806,-10,9
24816,-11,11
24826,-8,7
24836,-12,12
24846,-11,8
24856,-8,8
24866,-9,8
24876,-6,6
24886,-8,7
24896,-8,7
24906,-4,3
24916,-5,5
24926,-5,3
24936,-6,3
24946,-6,5
24956,-5,4
24966,-6,6
24976,-5,3
24986,-4,3
24996,-4,4
25006,-4,3
25016,-10,12
25026,-12,12
25036,-9,9
25046,-11,10
25056,-11,10
25066,-10,8
25076,-6,7
25086,-8,7
25096,-8,7
25106,-5,5
25116,-7,6
25126,-7,7
25137,-11,11
25147,-11,12
25157,-8,5
25167,-11,10
25177,-11,11
25187,-6,5
25197,-10,9
25207,-9,9
25217,-11,11
25227,-8,7
25237,-9,10
25247,-8,10
25257,-4,6
25267,-8,10
25277,-5,9
25287,-4,6
25297,-11,13
25307,-13,10
25317,-10,8
25327,-10,10
25337,-9,8
25347,-8,6
25357,-7,7
25367,-8,6
25377,-8,14
25387,-22,26
25397,-24,21
25407,-29,21
25417,-23,25
25427,-21,16
25437,-22,22
25447,-18,22
25457,-17,14
25467,-22,18
25477,-22,29
25487,-22,21
25497,-15,20
25507,-22,25
25517,-18,23
25527,-15,17
25537,-21,21
25547,-23,23
25557,-25,33
25567,-33,36
25578,-24,32
25588,-25,25
25598,-26,22
25608,-26,25
25618,-21,21
25628,-28,26
25638,-24,24
25648,-22,25
25658,-21,29
25668,-19,21
25678,-17,12
25688,-25,22
25698,-18,18
25708,-17,21
25718,-29,25
25728,-46,64
25738,-40,34
25748,-35,34
25758,-31,39
25768,-35,29
25778,-33,38
25788,-26,38
25798,-29,25
25808,-38,33
25818,-34,31
25828,-29,38
25838,-36,35
25848,-40,21
25858,-28,25
25868,-37,30
25878,-29,27
25888,-35,20
25898,-33,32
25908,-33,25
25918,-37,27
25928,-39,36
25938,-21,26
25948,-28,29
25958,-22,23
25968,-24,25
25978,-25,31
25988,-25,21
25998,-23,25
26008,-24,17
26019,-27,25
26029,-25,22
26039,-23,21
26049,-24,21
26059,-22,13
26069,-18,21
26079,-26,21
26089,-20,15
26099,-23,15
26109,-20,14
26119,-16,17
26129,-25,19
26139,-18,16
26149,-19,15
26159,-19,12
26169,-19,17
26179,-22,20
26189,-15,18
26199,-21,21
26209,-17,17
26219,-21,14
26229,-21,15
26239,-11,11
26249,-16,14
26259,-22,17
26269,-15,14
26279,-17,17
26289,-18,15
26299,-17,14
26309,-18,15
26319,-15,14
26329,-11,14
26339,-21,20
26349,-22,18
26359,-22,23
26369,-18,18
26379,-18,17
26389,-18,16
26399,-16,18
26409,-16,17
26419,-20,16
26429,-16,20
26439,-29,30
26449,-31,30
26460,-17,17
26470,-22,17
26480,-18,17
26490,-12,15
26500,-20,20
26510,-16,17
26520,-15,11
26530,-13,15
26540,-18,17
26550,-10,10
26560,-12,14
26570,-12,11
26580,-11,8
26590,-10,10
26600,-12,14
26610,-19,18
26620,-15,16
26630,-15,14
26640,-11,13
26650,-11,11
26660,-13,12
26670,-13,13
26680,-14,14
26690,-12,11
26700,-11,9
26710,-11,10
26720,-9,6
26730,-9,7
26740,-8,7
26750,-10,7
26760,-11,10
26770,-9,9
26780,-9,9
26790,-9,8
26800,-9,9
26810,-11,12
26820,-11,12
26830,-8,7
26840,-8,7
26850,-7,5
26860,-6,5
26870,-6,4
26880,-5,3
26890,-4,3
26901,-4,3
26911,-4,3
26921,-6,7
26931,-6,4
26941,-4,3
26951,-4,5
26961,-4,3
26971,-4,3
26981,-4,3
26991,-7,6
27001,-9,10
27011,-8,8
27021,-9,7
27031,-10,8
27041,-7,7
27051,-8,7
27061,-8,7
27071,-14,10
27081,-11,10
27091,-12,11
27101,-14,12
27111,-11,14
27121,-13,11
27131,-12,10
27141,-9,11
27151,-11,10
27161,-11,10
27171,-15,12
27181,-11,12
27191,-15,12
27201,-13,10
27211,-10,11
27221,-10,10
27231,-12,10
27241,-11,10
27251,-10,8
27261,-11,9
27271,-11,12
27281,-9,7
27291,-8,9
27301,-9,9
27311,-10,11
27321,-8,9
27331,-8,7
27342,-9,9
27352,-7,7
27362,-5,3
27372,-5,5
27382,-5,4
27392,-3,3
27402,-5,4
27412,-5,4
27422,-4,3
27432,-5,5
27442,-4,3
27452,-4,3
27462,-4,3
27472,-5,3
27482,-8,6
27492,-7,7
27502,-6,5
27512,-6,4
27522,-5,4
27532,-5,4
27542,-5,3
27552,-5,5
27562,-4,3
27572,-6,6
27582,-6,7
27592,-6,5
27602,-5,5
27612,-6,4
27622,-5,5
27632,-5,4
27642,-5,4
27652,-4,3
27662,-8,7
27672,-7,7
27682,-7,6
27692,-6,6
27702,-7,5
27712,-6,6
27722,-6,5
27732,-11,9
27742,-9,7
27752,-13,11
27762,-12,10
27772,-9,12
27783,-8,12
27793,-8,11
27803,-8,10
27813,-7,9
27823,-7,7
27833,-11,8
27843,-11,11
27853,-9,10
27863,-11,10
27873,-8,6
27883,-8,7
27893,-8,6
27903,-7,6
27913,-7,5
27923,-8,7
27933,-11,10
27943,-9,8
27953,-8,7
27963,-6,4
27973,-6,5
27983,-5,4
27993,-4,3
28003,-5,3
28013,-5,4
28023,-4,3
28033,-3,2
28043,-4,3
28053,-2,3
28063,-3,2
28073,-5,3
28083,-8,5
28093,-11,10
28103,-8,7
28113,-7,8
28123,-8,7
28133,-8,7
28143,-8,9
28153,-8,7
28163,-8,6
28173,-4,3
28183,-8,6
28193,-8,5
28203,-8,7
28213,-6,6
28224,-5,5
28234,-6,6
28244,-7,3
28254,-5,6
28264,-5,4
28274,-6,5
28284,-6,4
28294,-7,5
28304,-5,4
28314,-5,3
28324,-3,3
28334,-3,3
28344,-7,5
28354,-9,9
28364,-6,7
28374,-8,7
28384,-8,7
28394,-7,5
28404,-7,5
28414,-8,6
28424,-13,14
28434,-15,12
28444,-18,15
28454,-19,16
28464,-15,17
28474,-16,18
28484,-11,17
28494,-14,17
28504,-12,14
28514,-13,13
28524,-11,10
28534,-12,9
28544,-11,10
28554,-9,9
28564,-9,8
28574,-8,8
28584,-11,10
28594,-12,11
28604,-9,10
28614,-11,10
28624,-8,7
28634,-7,6
28644,-6,5
28654,-6,5
28665,-6,3
28675,-9,7
28685,-8,6
28695,-5,5
28705,-4,3
28715,-4,4
28725,-4,3
28735,-4,3
28745,-4,3
28755,-10,9
28765,-13,15
28775,-13,14
28785,-15,11
28795,-15,12
28805,-11,10
28815,-13,8
28825,-13,11
28835,-10,10
28845,-10,7
28855,-8,7
28865,-8,7
28875,-6,7
28885,-6,4
28895,-6,3
28905,-5,5
28915,-4,3
28925,-5,3
28935,-7,6
28945,-7,6
28955,-5,5
28965,-6,4
28975,-5,4
28985,-4,3
28995,-5,4
29005,-7,4
29015,-7,6
29025,-8,10
29035,-8,9
29045,-8,9
29055,-8,8
29065,-8,8
29075,-9,7
29085,-10,8
29095,-12,13
29106,-14,11
29116,-10,11
29126,-16,12
29136,-15,8
29146,-11,10
29156,-11,10
29166,-12,9
29176,-10,7
29186,-8,10
29196,-8,10
29206,-7,8
29216,-8,7
29226,-6,7
29236,-8,7
29246,-7,7
29256,-6,6
29266,-10,10
29276,-8,8
29286,-8,8
29296,-6,6
29306,-6,4
29316,-5,4
29326,-4,3
29336,-10,12
29346,-12,13
29356,-9,9
29366,-9,8
29376,-9,8
29386,-8,7
29396,-8,7
29406,-8,7
29416,-9,8
29426,-11,11
29436,-10,9
29446,-13,10
29456,-9,9
29466,-11,9
29476,-8,7
29486,-11,12
29496,-8,7
29506,-11,8
29516,-10,7
29526,-8,7
29536,-9,8
29547,-8,7
29557,-6,6
29567,-6,7
29577,-9,7
29587,-12,8
29597,-13,10
29607,-13,9
29617,-18,14
29627,-14,14
29637,-15,18
29647,-17,15
29657,-15,16
29667,-17,14
29677,-19,15
29687,-14,13
29697,-15,10
29707,-15,10
29717,-15,11
29727,-22,28
29737,-36,29
29747,-47,39
29757,-41,36
29767,-25,35
29777,-29,29
29787,-24,25
29797,-21,27
29807,-29,25
29817,-31,29
29827,-26,24
29837,-22,20
29847,-21,17
29857,-23,17
29867,-22,16
29877,-21,17
29887,-19,14
29897,-19,15
29907,-23,18
29917,-29,22
29927,-20,20
29937,-21,14
29947,-15,17
29957,-13,13
29967,-10,10
29977,-13,11
29988,-17,21
29998,-12,16
30008,-14,14
30018,-15,13
30028,-12,12
30038,-12,10
30048,-15,13
30058,-20,23
30068,-25,22
30078,-20,19
30088,-25,24
30098,-22,19
30108,-18,22
30118,-18,21
30128,-17,19
30138,-27,32
30148,-40,41
30158,-26,21
30168,-30,32
30178,-28,23
30188,-19,19
30198,-24,21
30208,-15,13
30218,-22,21
30228,-34,35
30238,-40,32
30248,-30,25
30258,-33,37
30268,-29,26
30278,-24,25
30288,-28,24
30298,-36,35
30308,-44,44
30318,-36,32
30328,-43,35
30338,-46,46
30348,-28,34
30358,-29,31
30368,-24,23
30378,-25,28
30388,-22,20
30398,-33,33
30408,-32,32
30418,-30,31
30429,-35,31
30439,-21,25
30449,-27,25
30459,-27,25
30469,-34,38
30479,-32,30
30489,-39,36
30499,-34,37
30509,-31,30
30519,-28,28
30529,-22,22
30539,-28,28
30549,-32,29
30559,-29,31
30569,-27,30
30579,-43,35
30589,-26,31
30599,-29,37
30609,-18,23
30619,-29,32
30629,-28,28
30639,-19,25
30649,-45,48
30659,-33,38
30669,-29,32
30679,-31,32
30689,-33,22
30699,-33,28
30709,-29,28
30719,-33,27
30729,-22,26
30739,-35,28
30749,-25,25
30759,-29,28
30769,-22,25
30779,-31,31
30789,-33,35
30799,-24,21
30809,-32,34
30819,-22,17
30829,-19,20
30839,-23,20
30849,-19,17
30859,-33,32
30870,-29,27
30880,-23,24
30890,-29,28
30900,-22,23
30910,-24,26
30920,-20,21
30930,-36,39
30940,-42,41
30950,-15,17
30960,-35,32
30970,-27,28
30980,-19,21
30990,-22,21
31000,-13,14
31010,-19,18
31020,-9,9
31030,-15,15
31040,-14,13
31050,-9,11
31060,-11,13
31070,-8,7
31080,-12,11
31090,-14,14
31100,-12,10
31110,-13,13
31120,-12,13
31130,-8,10
31140,-10,10
31150,-7,7
31160,-8,8
31170,-15,17
31180,-15,14
31190,-9,10
31200,-13,13
31210,-14,13
31220,-8,7
31230,-10,10
31240,-7,6
31250,-10,8
31260,-17,15
31270,-21,20
31280,-22,25
31290,-15,17
31300,-22,21
31311,-20,21
31321,-14,15
31331,-19,17
31341,-29,31
31351,-43,25
31361,-40,42
31371,-30,37
31381,-33,28
31391,-34,35
31401,-24,30
31411,-27,29
31421,-28,29
31431,-24,28
31441,-31,28
31451,-32,36
31461,-16,17
31471,-25,30
31481,-25,24
31491,-15,13
31501,-29,25
31511,-36,28
31521,-24,19
31531,-29,28
31541,-27,23
31551,-25,23
31561,-26,18
31571,-19,18
31581,-23,22
31591,-19,22
31601,-27,21
31611,-29,31
31621,-22,21
31631,-28,28
31641,-29,27
31651,-16,17
31661,-22,21
31671,-22,21
31681,-29,31
31691,-32,21
31701,-26,35
31711,-23,32
31721,-17,35
31731,-23,37
31741,-22,28
31752,-19,36
31762,-23,29
31772,-30,29
31782,-23,22
31792,-31,28
31802,-24,30
31812,-18,19
31822,-22,24
31832,-16,14
31842,-16,16
31852,-15,18
31862,-23,26
31872,-25,21
31882,-28,17
31892,-25,25
31902,-25,17
31912,-21,19
31922,-31,25
31932,-22,26
31942,-29,28
31952,-28,28
31962,-29,24
31972,-24,25
31982,-22,22
31992,-27,25
32002,-27,31
32012,-41,24
32022,-36,29
32032,-29,28
32042,-26,23
32052,-25,25
32062,-20,23
32072,-24,28
32082,-21,28
32092,-18,17
32102,-17,21
32112,-28,24
32122,-15,17
32132,-22,23
32142,-23,22
32152,-14,10
32162,-22,24
32172,-17,14
32182,-22,18
32193,-22,22
32203,-19,20
32213,-23,21
32223,-17,17
32233,-20,23
32243,-28,24
32253,-26,23
32263,-18,26
32273,-24,26
32283,-24,23
32293,-22,18
32303,-23,20
32313,-18,22
32323,-22,17
32333,-24,17
32343,-24,26
32353,-28,22
32363,-25,28
32373,-18,20
32383,-26,28
32393,-22,28
32403,-18,16
32413,-27,27
32423,-22,30
32433,-16,20
32443,-22,19
32453,-20,14
32463,-19,19
32473,-22,21
32483,-15,21
32493,-13,20
32503,-15,12
32513,-12,17
32523,-15,17
32533,-15,12
32543,-8,10
32553,-6,6
32563,-8,6
32573,-6,7
32583,-10,7
32593,-4,7
32603,-5,6
32613,-7,7
32623,-8,7
32634,-7,6
32644,-8,8
32654,-7,7
32664,-7,5
32674,-8,10
32684,-11,10
32694,-9,10
32704,-11,10
32714,-8,7
32724,-9,8
32734,-8,7
32744,-5,6
32754,-10,7
32764,-6,7
32774,-7,8
32784,-8,6
32794,-8,5
32804,-7,5
32814,-6,7
32824,-8,5
32834,-8,7
32844,-11,9
32854,-15,12
32864,-14,12
32874,-11,11
32884,-13,12
32894,-12,10
32904,-8,10
32914,-9,7
32924,-8,7
32934,-5,7
32944,-7,6
32954,-5,5
32964,-6,6
32974,-5,6
32984,-11,12
32994,-16,16
33004,-16,13
33014,-14,14
33024,-14,10
33034,-13,11
33044,-14,10
33054,-10,10
33064,-8,8
33075,-8,7
33085,-8,7
33095,-11,10
33105,-7,8
33115,-8,7
33125,-7,5
33135,-6,4
33145,-6,7
33155,-8,12
33165,-12,10
33175,-11,9
33185,-12,11
33195,-11,9
33205,-12,8
33215,-14,10
33225,-10,7
33235,-6,7
33245,-6,5
33255,-9,10
33265,-9,8
33275,-7,5
33285,-8,8
33295,-6,7
33305,-6,7
33315,-6,8
33325,-13,13
33335,-15,17
33345,-15,17
33355,-15,14
33365,-18,17
33375,-15,15
33385,-10,7
33395,-8,9
33405,-11,13
33415,-11,10
33425,-10,12
33435,-9,7
33445,-8,6
33455,-7,5
33465,-7,6
33475,-8,7
33485,-11,10
33495,-17,19
33505,-15,20
33516,-17,17
33526,-18,20
33536,-19,17
33546,-12,17
33556,-15,11
33566,-15,12
33576,-10,10
33586,-11,7
33596,-11,10
33606,-8,7
33616,-8,7
33626,-6,8
33636,-6,10
33646,-11,8
33656,-13,9
33666,-9,15
33676,-11,14
33686,-29,20
33696,-23,18
33706,-22,16
33716,-22,16
33726,-15,11
33736,-10,12
33746,-16,15
33756,-15,12
33766,-10,12
33776,-11,12
33786,-15,10
33796,-11,19
33806,-14,13
33816,-16,11
33826,-14,12
33836,-21,21
33846,-17,17
33856,-17,17
33866,-14,17
33876,-11,13
33886,-11,14
33896,-13,11
33906,-13,10
33916,-18,14
33926,-13,15
33936,-12,10
33946,-18,12
33957,-11,13
33967,-11,8
33977,-15,17
33987,-14,10
33997,-17,14
34007,-16,17
34017,-9,14
34027,-10,10
34037,-11,14
34047,-13,10
34057,-15,12
34067,-15,19
34077,-11,18
34087,-13,10
34097,-15,16
34107,-13,13
34117,-11,10
34127,-12,14
34137,-15,14
34147,-16,15
34157,-20,14
34167,-18,17
34177,-15,16
34187,-18,10
34197,-16,16
34207,-13,17
34217,-13,13
34227,-11,13
34237,-13,9
34247,-11,13
34257,-12,11
34267,-10,11
34277,-10,9
34287,-13,15
34297,-11,12
34307,-12,12
34317,-14,18
34327,-16,17
34337,-14,17
34347,-12,17
34357,-10,14
34367,-15,14
34377,-14,19
34387,-10,14
34398,-9,9
34408,-13,7
34418,-11,14
34428,-11,13
34438,-11,8
34448,-15,16
34458,-18,13
34468,-15,11
34478,-16,14
34488,-16,10
34498,-15,11
34508,-14,10
34518,-15,10
34528,-26,19
34538,-21,17
34548,-15,21
34558,-15,20
34568,-13,14
34578,-8,14
34588,-11,14
34598,-12,16
34608,-16,19
34618,-22,25
34628,-17,17
34638,-17,15
34648,-12,12
34658,-9,12
34668,-11,11
34678,-11,21
34688,-19,25
34698,-26,20
34708,-22,14
34718,-14,14
34728,-16,20
34738,-15,18
34748,-11,15
34758,-15,15
34768,-13,17
34778,-25,21
34788,-24,23
34798,-15,21
34808,-15,18
34818,-20,20
34828,-20,21
34839,-18,26
34849,-25,27
34859,-20,24
34869,-24,21
34879,-24,20
34889,-13,15
34899,-14,14
34909,-21,16
34919,-25,15
34929,-18,12
34939,-15,21
34949,-22,28
34959,-20,20
34969,-22,17
34979,-8,13
34989,-10,12
34999,-8,10
35009,-15,21
35019,-10,14
35029,-12,10
35039,-11,9
35049,-11,7
35059,-12,8
35069,-13,9
35079,-14,7
35089,-11,7
35099,-16,12
35109,-8,7
35119,-9,10
35129,-11,10
35139,-8,10
35149,-8,12
35159,-7,7
35169,-9,17
35179,-15,17
35189,-10,14
35199,-13,10
35209,-11,14
35219,-14,14
35229,-11,13
35239,-11,11
35249,-11,13
35259,-17,14
35269,-12,14
35280,-17,22
35290,-16,13
35300,-15,20
35310,-15,24
35320,-17,18
35330,-13,12
35340,-21,18
35350,-14,19
35360,-22,20
35370,-27,15
35380,-22,20
35390,-19,17
35400,-29,17
35410,-22,14
35420,-33,20
35430,-18,14
35440,-17,15
35450,-21,17
35460,-15,17
35470,-11,16
35480,-16,14
35490,-16,13
35500,-20,24
35510,-20,21
35520,-16,14
35530,-11,15
35540,-15,17
35550,-13,15
35560,-13,12
35570,-14,16
35580,-15,14
35590,-16,21
35600,-14,17
35610,-21,21
35620,-21,17
35630,-16,13
35640,-11,19
35650,-13,10
35660,-10,9
35670,-28,26
35680,-17,26
35690,-22,15
35700,-24,14
35710,-24,14
35721,-18,17
35731,-20,16
35741,-22,16
35751,-25,14
35761,-20,14
35771,-19,15
35781,-18,16
35791,-14,17
35801,-14,18
35811,-15,15
35821,-16,15
35831,-18,18
35841,-19,15
35851,-21,17
35861,-18,14
35871,-18,16
35881,-11,17
35891,-15,16
35901,-18,15
35911,-13,11
35921,-13,17
35931,-20,28
35941,-18,28
35951,-17,21
35961,-18,15
35971,-10,16
35981,-11,12
35991,-13,10
36001,-12,8
36011,-16,22
36021,-13,17
36031,-18,15
36041,-22,17
36051,-21,19
36061,-19,15
36071,-23,15
36081,-24,16
36091,-29,19
36101,-22,21
36111,-20,15
36121,-12,8
36131,-12,9
36141,-12,13
36151,-15,14
36162,-10,12
36172,-10,12
36182,-14,21
36192,-15,24
36202,-14,8
36212,-11,17
36222,-11,11
36232,-11,13
36242,-13,14
36252,-15,15
36262,-15,18
36272,-16,22
36282,-23,23
36292,-19,14
36302,-15,18
36312,-9,14
36322,-11,10
36332,-22,25
36342,-15,17
36352,-22,19
36362,-28,14
36372,-26,17
36382,-22,14
36392,-22,14
36402,-22,14
36412,-25,22
36422,-26,22
36432,-18,14
36442,-15,11
36452,-11,10
36462,-14,10
36472,-15,21
36482,-16,24
36492,-13,17
36502,-11,9
36512,-9,10
36522,-9,9
36532,-11,14
36542,-11,10
36552,-9,10
36562,-8,10
36572,-14,18
36582,-18,19
36592,-18,11
36603,-15,17
36613,-11,21
36623,-12,17
36633,-13,14
36643,-14,14
36653,-12,14
36663,-14,13
36673,-15,13
36683,-18,13
36693,-12,12
36703,-14,13
36713,-12,10
36723,-15,12
36733,-15,20
36743,-22,19
36753,-29,25
36763,-25,25
36773,-24,21
36783,-17,23
36793,-21,18
36803,-21,15
36813,-19,17
36823,-16,21
36833,-18,25
36843,-18,27
36853,-17,15
36863,-14,17
36873,-15,20
36883,-18,17
36893,-13,14
36903,-13,21
36913,-28,32
36923,-21,28
36933,-19,21
36943,-25,20
36953,-21,20
36963,-15,17
36973,-22,28
36983,-19,26
36993,-21,26
37003,-24,21
37013,-22,21
37023,-18,22
37033,-24,18
37044,-22,16
37054,-19,15
37064,-20,24
37074,-27,27
37084,-32,29
37094,-23,22
37104,-22,18
37114,-20,25
37124,-22,20
37134,-21,21
37144,-23,13
37154,-15,14
37164,-16,21
37174,-15,14
37184,-8,10
37194,-15,14
37204,-10,8
37214,-8,9
37224,-12,12
37234,-25,23
37244,-18,33
37254,-28,28
37264,-30,37
37274,-25,27
37284,-26,32
37294,-25,28
37304,-24,24
37314,-31,35
37324,-19,28
37334,-19,28
37344,-28,22
37354,-25,21
37364,-21,20
37374,-19,18
37384,-25,21
37394,-26,25
37404,-23,32
37414,-26,28
37424,-23,26
37434,-22,21
37444,-23,26
37454,-25,26
37464,-20,28
37474,-30,18
37485,-22,21
37495,-29,27
37505,-22,17
37515,-16,20
37525,-15,22
37535,-20,15
37545,-14,15
37555,-15,14
37565,-36,28
37575,-29,35
37585,-32,42
37595,-32,29
37605,-33,27
37615,-27,30
37625,-25,34
37635,-25,25
37645,-27,24
37655,-25,27
37665,-19,25
37675,-28,17
37685,-23,23
37695,-18,21
37705,-26,22
37715,-23,15
37725,-19,14
37735,-25,20
37745,-18,11
37755,-14,12
37765,-14,10
37775,-12,10
37785,-15,10
37795,-8,10
37805,-9,13
37815,-13,10
37825,-10,10
37835,-11,7
37845,-11,14
37855,-12,11
37865,-8,10
37875,-7,10
37885,-9,7
37895,-11,10
37905,-22,28
37915,-30,33
37926,-35,37
37936,-27,32
37946,-20,32
37956,-30,24
37966,-22,30
37976,-26,25
37986,-25,18
37996,-17,17
38006,-17,15
38016,-18,14
38026,-15,16
38036,-11,12
38046,-11,13
38056,-13,10
38066,-11,10
38076,-18,18
38086,-27,25
38096,-29,31
38106,-29,21
38116,-23,23
38126,-21,23
38136,-21,17
38146,-19,20
38156,-18,17
38166,-15,17
38176,-11,12
38186,-15,17
38196,-13,15
38206,-8,10
38216,-8,14
38226,-12,9
38236,-8,15
38246,-36,30
38256,-44,46
38266,-37,42
38276,-40,32
38286,-34,32
38296,-35,32
38306,-22,35
38316,-26,32
38326,-20,21
38336,-19,23
38346,-22,22
38356,-22,21
38367,-24,20
38377,-16,17
38387,-17,14
38397,-17,13
38407,-19,20
38417,-20,20
38427,-29,21
38437,-22,30
38447,-17,21
38457,-15,18
38467,-15,17
38477,-12,14
38487,-15,16
38497,-15,21
38507,-13,12
38517,-12,10
38527,-11,17
38537,-10,8
38547,-9,6
38557,-9,11
38567,-36,35
38577,-41,42
38587,-50,37
38597,-39,31
38607,-30,38
38617,-33,38
38627,-31,28
38637,-21,28
38647,-24,25
38657,-21,25
38667,-26,21
38677,-15,18
38687,-16,14
38697,-15,17
38707,-18,11
38717,-15,10
38727,-12,11
38737,-25,25
38747,-33,27
38757,-32,39
38767,-29,32
38777,-27,31
38787,-25,30
38797,-35,28
38808,-25,26
38818,-30,18
38828,-16,17
38838,-17,17
38848,-17,13
38858,-13,13
38868,-13,18
38878,-11,10
38888,-9,12
38898,-40,30
38908,-40,40
38918,-37,45
38928,-36,35
38938,-31,33
38948,-34,29
38958,-29,25
38968,-25,25
38978,-27,29
38988,-26,25
38998,-18,26
39008,-22,21
39018,-19,17
39028,-20,14
39038,-18,14
39048,-18,12
39058,-18,12
39068,-15,8
39078,-10,10
39088,-11,10
39098,-10,9
39108,-7,8
39118,-8,7
39128,-7,6
39138,-14,13
39148,-8,9
39158,-10,12
39168,-11,12
39178,-12,9
39188,-12,12
39198,-10,10
39208,-13,11
39218,-18,17
39228,-13,17
39238,-16,12
39249,-19,17
39259,-20,16
39269,-18,16
39279,-17,14
39289,-11,17
39299,-18,14
39309,-15,15
39319,-16,14
39329,-22,22
39339,-17,20
39349,-18,17
39359,-18,15
39369,-17,18
39379,-17,15
39389,-20,22
39399,-20,23
39409,-22,15
39419,-18,10
39429,-12,14
39439,-11,10
39449,-13,13
39459,-15,13
39469,-23,21
39479,-20,18
39489,-22,17
39499,-22,18
39509,-22,20
39519,-16,20
39529,-17,20
39539,-15,15
39549,-29,26
39559,-33,35
39569,-38,28
39579,-39,44
39589,-36,35
39599,-46,37
39609,-42,34
39619,-39,36
39629,-26,31
39639,-32,33
39649,-35,35
39659,-38,42
39669,-58,38
39679,-29,25
39690,-28,32
39700,-32,27
39710,-35,25
39720,-28,24
39730,-47,26
39740,-34,41
39750,-32,29
39760,-23,28
39770,-25,28
39780,-34,27
39790,-22,22
39800,-16,20
39810,-38,37
39820,-31,21
39830,-25,26
39840,-22,23
39850,-28,23
39860,-21,20
39870,-18,20
39880,-29,26
39890,-32,34
39900,-36,44
39910,-36,46
39920,-32,26
39930,-27,33
39940,-30,32
39950,-22,21
39960,-25,21
39970,-36,36
39980,-36,40
39990,-28,25
40000,-25,29
40010,-28,31
40020,-23,22
40030,-23,24
40040,-23,21
40050,-19,21
40060,-25,24
40070,-28,27
40080,-15,14
40090,-22,26
40100,-21,21
40110,-12,10
40120,-18,16
40131,-21,19
40141,-22,26
40151,-25,28
40161,-21,25
40171,-22,25
40181,-21,19
40191,-19,22
40201,-21,18
40211,-22,15
40221,-43,46
40231,-33,32
40241,-25,25
40251,-40,45
40261,-22,28
40271,-22,26
40281,-35,31
40291,-25,23
40301,-23,24
40311,-32,30
40321,-25,30
40331,-25,22
40341,-24,25
40351,-17,14
40361,-18,19
40371,-29,28
40381,-24,18
40391,-26,25
40401,-21,17
40411,-13,15
40421,-17,12
40431,-14,11
40441,-9,10
40451,-10,12
40461,-15,11
40471,-14,11
40481,-10,10
40491,-8,9
40501,-9,7
40511,-9,8
40521,-8,5
40531,-8,7
40541,-14,13
40551,-21,21
40561,-21,26
40572,-28,23
40582,-21,25
40592,-21,19
40602,-18,17
40612,-18,20
40622,-24,18
40632,-15,17
40642,-16,14
40652,-19,18
40662,-17,14
40672,-15,14
40682,-14,11
40692,-10,9
40702,-9,7
40712,-8,5
40722,-9,7
40732,-9,6
40742,-7,7
40752,-8,7
40762,-6,4
40772,-5,5
40782,-5,4
40792,-5,4
40802,-5,6
40812,-4,3
40822,-4,3
40832,-4,3
40842,-4,3
40852,-2,1
40862,-3,2
40872,-6,6
40882,-7,6
40892,-8,6
40902,-8,7
40912,-9,8
40922,-8,7
40932,-8,7
40942,-5,6
40952,-4,4
40962,-7,6
40972,-6,6
40982,-5,4
40992,-5,4
41002,-5,4
41013,-4,3
41023,-4,3
41033,-5,4
41043,-6,4
41053,-7,6
41063,-4,3
41073,-4,3
41083,-4,3
41093,-4,3
41103,-4,3
41113,-7,7
41123,-8,6
41133,-7,5
41143,-4,3
41153,-4,3
41163,-4,3
41173,-4,3
41183,-4,3
41193,-8,7
41203,-8,7
41213,-8,9
41223,-11,9
41233,-9,8
41243,-9,8
41253,-8,7
41263,-7,7
41273,-5,4
41283,-5,3
41293,-9,8
41303,-10,10
41313,-8,7
41323,-8,6
41333,-7,6
41343,-4,4
41353,-5,4
41363,-5,4
41373,-5,4
41383,-8,7
41393,-6,4
41403,-5,4
41413,-4,3
41423,-4,3
41433,-4,3
41443,-3,3
41454,-3,3
41464,-4,3
41474,-5,5
41484,-8,7
41494,-8,7
41504,-6,5
41514,-8,6
41524,-6,6
41534,-7,4
41544,-5,5
41554,-5,4
41564,-11,10
41574,-18,14
41584,-21,14
41594,-22,23
41604,-19,20
41614,-23,23
41624,-20,21
41634,-18,21
41644,-20,17
41654,-16,12
41664,-15,14
41674,-11,11
41684,-11,10
41694,-12,10
41704,-7,8
41714,-9,9
41724,-9,7
41734,-9,8
41744,-10,9
41754,-11,10
41764,-6,7
41774,-10,8
41784,-9,7
41794,-4,5
41804,-7,6
41814,-5,4
41824,-9,9
41834,-9,7
41844,-4,3
41854,-8,7
41864,-6,5
41874,-4,3
41884,-6,5
41895,-4,3
41905,-4,3
41915,-8,10
41925,-8,8
41935,-5,4
41945,-6,7
41955,-6,6
41965,-4,4
41975,-5,5
41985,-9,10
41995,-8,7
42005,-9,8
42015,-8,7
42025,-7,7
42035,-6,7
42045,-7,5
42055,-5,4
42065,-4,4
42075,-3,3
42085,-4,3
42095,-2,1
42105,-4,2
42115,-3,2
42125,-8,8
42135,-11,10
42145,-11,13
42155,-11,11
42165,-11,11
42175,-9,8
42185,-9,9
42195,-10,9
42205,-10,7
42215,-21,20
42225,-15,17
42235,-15,15
42245,-22,18
42255,-15,20
42265,-15,14
42275,-19,15
42285,-12,15
42295,-12,9
42305,-14,11
42315,-11,8
42325,-10,8
42336,-10,7
42346,-7,5
42356,-9,7
42366,-8,5
42376,-8,6
42386,-11,7
42396,-4,5
42406,-7,4
42416,-5,4
42426,-4,3
42436,-4,3
42446,-3,2
42456,-4,3
42466,-4,5
42476,-5,5
42486,-5,3
42496,-4,3
42506,-6,3
42516,-8,8
42526,-9,7
42536,-8,8
42546,-9,9
42556,-11,10
42566,-11,11
42576,-11,7
42586,-8,10
42596,-9,8
42606,-6,8
42616,-8,8
42626,-5,5
42636,-7,7
42646,-7,7
42656,-5,6
42666,-4,4
42676,-5,5
42686,-4,4
42696,-4,4
42706,-4,2
42716,-7,5
42726,-5,6
42736,-3,2
42746,-4,4
42756,-5,3
42766,-3,3
42777,-3,2
42787,-4,3
42797,-7,7
42807,-6,7
42817,-8,8
42827,-10,9
42837,-7,5
42847,-6,5
42857,-6,4
42867,-5,4
42877,-6,5
42887,-8,5
42897,-9,14
42907,-11,14
42917,-13,12
42927,-13,10
42937,-11,8
42947,-12,13
42957,-15,12
42967,-12,12
42977,-15,12
42987,-12,10
42997,-8,7
43007,-11,8
43017,-7,9
43027,-9,6
43037,-9,7
43047,-8,7
43057,-9,7
43067,-5,4
43077,-7,6
43087,-6,4
43097,-4,3
43107,-5,3
43117,-3,2
43127,-6,5
43137,-8,7
43147,-9,8
43157,-9,9
43167,-7,6
43177,-7,6
43187,-8,7
43197,-12,10
43207,-15,13
43218,-9,13
43228,-12,14
43238,-12,13
43248,-7,7
43258,-11,12
43268,-12,11
43278,-5,6
43288,-14,15
43298,-14,13
43308,-11,8
43318,-11,10
43328,-10,10
43338,-8,7
43348,-7,7
43358,-8,7
43368,-6,5
43378,-4,4
43388,-4,4
43398,-4,4
43408,-6,5
43418,-5,3
43428,-4,3
43438,-4,4
43448,-6,6
43458,-9,9
43468,-9,7
43478,-8,7
43488,-9,8
43498,-8,7
43508,-8,5
43518,-11,7
43528,-12,11
43538,-10,9
43548,-13,11
43558,-10,13
43568,-10,9
43578,-9,14
43588,-10,10
43598,-8,10
43608,-7,7
43618,-6,7
43628,-6,6
43638,-8,7
43648,-7,8
43659,-4,3
43669,-6,6
43679,-5,5
43689,-7,6
43699,-8,7
43709,-4,3
43719,-5,4
43729,-4,3
43739,-4,3
43749,-4,3
43759,-3,2
43769,-4,3
43779,-5,4
43789,-6,3
43799,-8,6
43809,-8,4
43819,-8,7
43829,-8,8
43839,-10,6
43849,-8,10
43859,-13,14
43869,-9,11
43879,-10,9
43889,-9,14
43899,-9,10
43909,-10,9
43919,-8,10
43929,-8,7
43939,-6,7
43949,-8,7
43959,-12,10
43969,-12,14
43979,-10,10
43989,-10,9
43999,-10,8
44009,-10,7
44019,-8,7
44029,-8,8
44039,-13,11
44049,-11,10
44059,-8,7
44069,-9,8
44079,-8,7
44089,-4,4
44100,-8,5
44110,-13,14
44120,-10,11
44130,-10,11
44140,-14,14
44150,-13,10
44160,-9,8
44170,-11,10
44180,-10,9
44190,-12,7
44200,-12,14
44210,-15,14
44220,-11,15
44230,-14,18
44240,-10,12
44250,-10,15
44260,-13,19
44270,-10,14
44280,-11,11
44290,-17,17
44300,-16,18
44310,-15,12
44320,-17,17
44330,-11,14
44340,-13,10
44350,-15,13
44360,-15,12
44370,-15,15
44380,-8,8
44390,-12,10
44400,-8,8
44410,-8,6
44420,-8,7
44430,-4,5
44440,-6,5
44450,-10,8
44460,-13,13
44470,-11,10
44480,-7,6
44490,-8,7
44500,-8,7
44510,-6,5
44520,-8,7
44530,-8,7
44541,-11,13
44551,-12,8
44561,-11,11
44571,-11,11
44581,-9,13
44591,-9,7
44601,-10,10
44611,-7,7
44621,-7,9
44631,-8,6
44641,-8,6
44651,-8,7
44661,-5,3
44671,-6,4
44681,-4,3
44691,-4,2
44701,-9,12
44711,-11,12
44721,-11,10
44731,-8,7
44741,-8,9
44751,-8,8
44761,-5,7
44771,-8,7
44781,-8,9
44791,-5,6
44801,-11,13
44811,-10,9
44821,-8,5
44831,-8,9
44841,-7,7
44851,-5,5
44861,-6,6
44871,-6,6
44881,-9,9
44891,-12,20
44901,-18,15
44911,-12,8
44921,-15,17
44931,-15,16
44941,-12,13
44951,-11,12
44961,-11,10
44971,-12,12
44982,-15,13
44992,-13,12
45002,-12,9
45012,-8,7
45022,-10,9
45032,-8,7
45042,-8,6
45052,-11,12
45062,-10,10
45072,-5,5
45082,-8,7
45092,-7,6
45102,-4,3
45112,-6,5
45122,-7,11
45132,-15,16
45142,-17,18
45152,-16,17
45162,-15,17
45172,-16,15
45182,-14,12
45192,-14,13
45202,-13,12
45212,-13,10
45222,-18,14
45232,-18,21
45242,-18,12
45252,-17,14
45262,-17,15
45272,-14,13
45282,-11,11
45292,-14,12
45302,-9,7
45312,-8,9
45322,-11,12
45332,-5,10
45342,-7,5
45352,-9,8
45362,-4,3
45372,-6,5
45382,-6,5
45392,-5,3
45402,-8,7
45412,-9,8
45423,-5,4
45433,-6,6
45443,-4,3
45453,-4,3
45463,-4,3
45473,-4,3
45483,-5,4
45493,-9,10
45503,-8,9
45513,-9,6
45523,-9,8
45533,-7,7
45543,-8,6
45553,-8,7
45563,-14,12
45573,-18,17
45583,-12,16
45593,-14,18
45603,-15,20
45613,-11,21
45623,-13,17
45633,-15,16
45643,-15,17
45653,-12,13
45663,-13,11
45673,-8,9
45683,-10,12
45693,-9,8
45703,-7,7
45713,-9,6
45723,-9,7
45733,-11,9
45743,-8,7
45753,-8,7
45763,-5,5
45773,-7,5
45783,-6,5
45793,-4,3
45803,-5,3
45813,-4,3
45823,-8,7
45833,-8,6
45843,-5,4
45853,-7,6
45864,-5,4
45874,-5,3
45884,-6,5
45894,-4,4
45904,-4,4
45914,-16,17
45924,-25,20
45934,-28,26
45944,-23,22
45954,-18,18
45964,-20,15
45974,-18,14
45984,-14,14
45994,-15,16
46004,-18,16
46014,-15,12
46024,-17,17
46034,-13,13
46044,-8,10
46054,-12,12
46064,-11,10
46074,-9,7
46084,-11,11
46094,-14,19
46104,-18,17
46114,-15,8
46124,-11,14
46134,-14,14
46144,-8,10
46154,-15,19
46164,-15,21
46174,-7,7
46184,-11,10
46194,-13,13
46204,-9,7
46214,-8,5
46224,-8,10
46234,-7,7
46244,-26,16
46254,-28,35
46264,-32,28
46274,-25,24
46284,-22,28
46294,-17,18
46305,-16,20
46315,-16,14
46325,-23,20
46335,-13,16
46345,-16,17
46355,-18,17
46365,-14,14
46375,-11,14
46385,-15,14
46395,-11,11
46405,-14,12
46415,-15,15
46425,-10,8
46435,-14,12
46445,-12,10
46455,-8,5
46465,-10,8
46475,-8,10
46485,-10,12
46495,-13,12
46505,-15,18
46515,-11,11
46525,-12,13
46535,-13,11
46545,-9,9
46555,-11,10
46565,-11,10
46575,-14,16
46585,-17,16
46595,-11,20
46605,-17,15
46615,-19,23
46625,-16,17
46635,-15,20
46645,-20,14
46655,-12,12
46665,-13,14
46675,-10,14
46685,-11,10
46695,-11,11
46705,-10,7
46715,-6,9
46725,-8,5
46735,-8,7
46746,-9,6
46756,-5,5
46766,-4,4
46776,-6,6
46786,-8,9
46796,-7,6
46806,-6,7
46816,-11,7
46826,-14,10
46836,-9,7
46846,-11,10
46856,-11,11
46866,-14,11
46876,-11,7
46886,-11,9
46896,-12,17
46906,-14,14
46916,-13,12
46926,-11,12
46936,-11,12
46946,-11,10
46956,-12,10
46966,-11,10
46976,-10,7
46986,-8,6
46996,-8,6
47006,-6,4
47016,-7,3
47026,-4,3
47036,-4,2
47046,-3,2
47056,-7,7
47066,-8,5
47076,-4,5
47086,-4,3
47096,-4,4
47106,-4,3
47116,-4,3
47126,-8,5
47136,-6,6
47146,-4,5
47156,-8,7
47166,-6,4
47176,-12,8
47187,-8,8
47197,-11,9
47207,-11,12
47217,-10,10
47227,-9,9
47237,-10,10
47247,-18,14
47257,-21,19
47267,-18,19
47277,-17,14
47287,-16,17
47297,-13,12
47307,-14,14
47317,-14,10
47327,-12,9
47337,-14,11
47347,-15,9
47357,-11,11
47367,-13,10
47377,-8,7
47387,-8,5
47397,-8,6
47407,-8,7
47417,-8,11
47427,-10,10
47437,-10,10
47447,-9,9
47457,-10,9
47467,-9,8
47477,-9,7
47487,-7,6
47497,-8,7
47507,-8,8
47517,-9,7
47527,-6,6
47537,-5,5
47547,-4,3
47557,-7,5
47567,-7,8
47577,-10,11
47587,-8,10
47597,-10,10
47607,-8,9
47617,-11,9
47628,-11,9
47638,-11,8
47648,-9,9
47658,-8,5
47668,-8,7
47678,-8,3
47688,-5,4
47698,-4,2
47708,-4,3
47718,-2,1
47728,-3,3
47738,-4,2
47748,-4,2
47758,-2,0
47768,-2,1
47778,-2,0
47788,-2,1
47798,-1,0
47808,-6,4
47818,-6,3
47828,-5,5
47838,-7,7
47848,-7,6
47858,-6,6
47868,-6,6
47878,-9,10
47888,-8,8
47898,-6,11
47908,-10,14
47918,-15,14
47928,-15,14
47938,-15,14
47948,-16,15
47958,-12,12
47968,-12,10
47978,-9,12
47988,-5,5
47998,-8,8
48008,-8,6
48018,-7,5
48028,-7,7
48038,-4,3
48048,-5,5
48058,-5,3
48069,-7,5
48079,-7,7
48089,-4,3
48099,-4,4
48109,-4,4
48119,-4,3
48129,-7,7
48139,-7,7
48149,-7,7
48159,-9,7
48169,-8,14
48179,-10,9
48189,-9,9
48199,-10,10
48209,-9,7
48219,-9,10
48229,-9,7
48239,-11,17
48249,-11,8
48259,-10,11
48269,-10,13
48279,-9,10
48289,-11,10
48299,-10,14
48309,-8,10
48319,-9,10
48329,-8,8
48339,-8,10
48349,-8,5
48359,-7,5
48369,-4,4
48379,-6,3
48389,-4,3
48399,-7,6
48409,-6,5
48419,-4,4
48429,-4,3
48439,-4,3
48449,-4,3
48459,-4,3
48469,-4,3
48479,-4,3
48489,-4,3
48499,-3,3
48510,-3,2
48520,-3,2
48530,-2,1
48540,-2,2
48550,-2,1
48560,-5,2
48570,-4,3
48580,-4,3
48590,-4,3
48600,-3,3
48610,-3,2
48620,-3,2
48630,-3,3
48640,-4,3
48650,-3,3
48660,-3,3
48670,-3,2
48680,-3,2
48690,-3,2
48700,-2,2
48710,-2,1
48720,-5,4
48730,-5,4
48740,-7,8
48750,-6,6
48760,-6,7
48770,-6,5
48780,-10,6
48790,-11,7
48800,-9,10
48810,-10,8
48820,-10,6
48830,-9,13
48840,-11,9
48850,-7,6
48860,-7,7
48870,-10,7
48880,-9,10
48890,-8,10
48900,-8,11
48910,-9,13
48920,-8,11
48930,-8,10
48940,-8,9
48951,-8,8
48961,-6,4
48971,-6,5
48981,-5,4
48991,-4,3
49001,-3,3
49011,-3,3
49021,-3,1
49031,-3,2
49041,-1,0
49051,-2,0
49061,-1,1
49071,-1,0
49081,-1,0
49091,-3,1
49101,-5,3
49111,-4,3
49121,-6,3
49131,-8,7
49141,-9,8
49151,-10,6
49161,-10,7
49171,-9,7
49181,-17,13
49191,-15,16
49201,-13,15
49211,-13,13
49221,-12,15
49231,-14,13
49241,-13,14
49251,-6,7
49261,-10,9
49271,-8,6
49281,-8,5
49291,-7,7
49301,-4,3
49311,-5,4
49321,-4,5
49331,-3,2
49341,-3,3
49351,-3,2
49361,-3,2
49371,-2,1
49381,-2,1
49392,-2,1
49402,-1,0
49412,-8,7
49422,-7,8
49432,-10,8
49442,-11,13
49452,-11,10
49462,-10,10
49472,-10,9
49482,-9,9
49492,-8,8
49502,-11,10
49512,-9,10
49522,-11,13
49532,-11,9
49542,-13,10
49552,-11,9
49562,-11,10
49572,-11,10
49582,-13,10
49592,-11,7
49602,-9,10
49612,-8,6
49622,-8,7
49632,-7,5
49642,-5,5
49652,-7,7
49662,-5,5
49672,-5,4
49682,-3,4
49692,-4,3
49702,-4,3
49712,-5,3
49722,-6,4
49732,-5,4
49742,-4,3
49752,-4,3
49762,-4,3
49772,-4,3
49782,-2,1
49792,-4,2
49802,-3,2
49812,-2,1
49822,-4,1
49833,-15,13
49843,-13,18
49853,-15,12
49863,-14,14
49873,-15,17
49883,-11,14
49893,-12,13
49903,-11,10
49913,-10,8
49923,-11,10
49933,-8,7
49943,-9,7
49953,-6,5
49963,-5,3
49973,-4,4
49983,-5,4
49993,-14,10
50003,-11,11
50013,-9,8
50023,-8,8
50033,-7,6
50043,-7,7
50053,-5,5
50063,-6,6
50073,-7,5
50083,-8,6
50093,-10,10
50103,-4,4
50113,-11,8
50123,-8,9
50133,-6,6
50143,-11,10
50153,-19,18
50163,-21,27
50173,-25,21
50183,-24,20
50193,-22,22
50203,-22,15
50213,-18,22
50223,-25,18
50233,-24,18
50243,-16,16
50253,-15,14
50263,-13,13
50274,-8,12
50284,-8,6
50294,-6,5
50304,-4,4
50314,-9,10
50324,-8,7
50334,-6,4
50344,-5,4
50354,-4,3
50364,-4,3
50374,-5,2
50384,-6,4
50394,-5,4
50404,-5,4
50414,-7,6
50424,-4,4
50434,-5,5
50444,-5,5
50454,-5,4
50464,-4,3
50474,-4,3
50484,-11,10
50494,-18,12
50504,-24,21
50514,-26,30
50524,-15,18
50534,-19,21
50544,-25,18
50554,-16,19
50564,-22,21
50574,-15,12
50584,-16,15
50594,-15,13
50604,-10,11
50614,-10,7
50624,-8,9
50634,-8,6
50644,-11,14
50654,-11,13
50664,-12,15
50674,-11,13
50684,-11,14
50694,-11,10
50704,-12,10
50715,-13,10
50725,-10,10
50735,-12,10
50745,-10,11
50755,-12,10
50765,-9,10
50775,-9,7
50785,-6,7
50795,-6,5
50805,-11,10
50815,-18,40
50825,-29,33
50835,-27,27
50845,-29,28
50855,-25,33
50865,-25,32
50875,-25,24
50885,-23,20
50895,-18,18
50905,-24,17
50915,-13,19
50925,-22,17
50935,-14,14
50945,-9,11
50955,-15,11
50965,-17,14
50975,-12,9
50985,-9,9
50995,-10,11
51005,-8,9
51015,-7,7
51025,-8,6
51035,-6,7
51045,-12,12
51055,-12,10
51065,-11,11
51075,-9,10
51085,-9,8
51095,-8,9
51105,-9,8
51115,-6,7
51125,-9,7
51135,-8,9
51145,-25,28
51156,-33,32
51166,-34,32
51176,-33,30
51186,-29,31
51196,-28,31
51206,-33,21
51216,-34,36
51226,-16,23
51236,-26,27
51246,-24,21
51256,-16,19
51266,-15,13
51276,-15,17
51286,-11,17
51296,-11,10
51306,-10,12
51316,-13,10
51326,-10,8
51336,-8,10
51346,-6,7
51356,-8,7
51366,-7,4
51376,-8,7
51386,-12,10
51396,-10,7
51406,-15,13
51416,-11,12
51426,-13,13
51436,-11,13
51446,-8,10
51456,-8,10
51466,-19,14
51476,-33,33
51486,-40,32
51496,-36,28
51506,-35,43
51516,-35,26
51526,-31,41
51536,-38,31
51546,-35,25
51556,-46,33
51566,-26,24
51576,-31,25
51586,-29,17
51597,-23,14
51607,-16,16
51617,-15,9
51627,-12,11
51637,-8,10
51647,-11,10
51657,-12,9
51667,-8,7
51677,-8,7
51687,-6,4
51697,-12,9
51707,-18,14
51717,-18,12
51727,-16,12
51737,-14,14
51747,-13,15
51757,-12,12
51767,-11,13
51777,-29,33
51787,-40,41
51797,-35,39
51807,-29,45
51817,-27,32
51827,-28,22
51837,-25,44
51847,-23,27
51857,-27,48
51867,-33,35
51877,-38,25
51887,-27,46
51897,-27,32
51907,-17,29
51917,-18,21
51927,-18,21
51937,-17,18
51947,-16,15
51957,-26,22
51967,-20,17
51977,-14,16
51987,-16,13
51997,-15,13
52007,-14,10
52017,-10,11
52027,-20,18
52038,-34,29
52048,-40,29
52058,-21,26
52068,-21,21
52078,-23,24
52088,-20,18
52098,-26,26
52108,-33,46
52118,-40,42
52128,-42,39
52138,-43,35
52148,-29,28
52158,-30,25
52168,-25,25
52178,-25,22
52188,-20,20
52198,-18,23
52208,-25,27
52218,-29,28
52228,-25,28
52238,-17,19
52248,-18,14
52258,-15,14
52268,-16,14
52278,-27,19
52288,-34,37
52298,-36,43
52308,-46,51
52318,-52,36
52328,-43,36
52338,-47,43
52348,-33,26
52358,-29,22
52368,-37,39
52378,-39,39
52388,-33,33
52398,-31,24
52408,-24,26
52418,-21,25
52428,-25,21
52438,-25,19
52448,-22,19
52458,-36,32
52468,-24,23
52479,-27,25
52489,-19,17
52499,-18,17
52509,-16,15
52519,-11,12
52529,-19,14
52539,-23,21
52549,-25,17
52559,-21,22
52569,-17,16
52579,-11,15
52589,-10,14
52599,-11,11
52609,-18,21
52619,-25,23
52629,-22,21
52639,-14,14
52649,-15,14
52659,-14,13
52669,-22,15
52679,-22,20
52689,-18,21
52699,-26,32
52709,-30,41
52719,-32,23
52729,-25,28
52739,-25,18
52749,-38,32
52759,-36,48
52769,-47,38
52779,-42,29
52789,-26,33
52799,-40,34
52809,-33,34
52819,-29,35
52829,-30,25
52839,-32,25
52849,-33,28
52859,-26,34
52869,-20,21
52879,-18,20
52889,-16,17
52899,-15,17
52909,-22,20
52920,-18,16
52930,-20,17
52940,-15,14
52950,-15,17
52960,-10,11
52970,-11,11
52980,-10,17
52990,-16,21
53000,-15,17
53010,-14,14
53020,-15,14
53030,-14,12
53040,-14,12
53050,-24,20
53060,-36,26
53070,-31,29
53080,-29,25
53090,-28,24
53100,-20,22
53110,-19,23
53120,-18,21
53130,-23,21
53140,-25,28
53150,-16,18
53160,-15,18
53170,-15,18
53180,-14,14
53190,-15,13
53200,-13,11
53210,-15,17
53220,-15,13
53230,-19,14
53240,-18,13
53250,-13,13
53260,-11,14
53270,-11,13
53280,-9,11
53290,-13,14
53300,-15,17
53310,-20,17
53320,-20,14
53330,-16,14
53340,-17,20
53350,-15,14
53361,-18,19
53371,-15,11
53381,-11,13
53391,-15,17
53401,-17,18
53411,-13,17
53421,-13,12
53431,-12,11
53441,-15,11
53451,-11,11
53461,-11,14
53471,-12,12
53481,-8,8
53491,-8,6
53501,-8,6
53511,-8,6
53521,-7,5
53531,-6,5
53541,-8,7
53551,-11,8
53561,-14,10
53571,-10,10
53581,-15,10
53591,-11,11
53601,-11,10
53611,-9,13
53621,-8,9
53631,-9,8
53641,-9,11
53651,-8,8
53661,-7,5
53671,-8,7
53681,-5,4
53691,-5,3
53701,-4,3
53711,-8,7
53721,-7,6
53731,-6,6
53741,-5,4
53751,-4,3
53761,-4,3
53771,-4,3
53781,-6,4
53791,-4,4
53802,-4,3
53812,-3,2
53822,-3,2
53832,-3,2
53842,-2,1
53852,-2,1
53862,-2,1
53872,-5,3
53882,-5,4
53892,-4,4
53902,-10,5
53912,-12,10
53922,-11,10
53932,-15,12
53942,-14,10
53952,-11,13
53962,-11,12
53972,-10,10
53982,-11,10
53992,-10,8
54002,-10,10
54012,-11,12
54022,-11,10
54032,-9,10
54042,-8,7
54052,-7,7
54062,-6,6
54072,-10,7
54082,-8,8
54092,-8,7
54102,-5,6
54112,-4,4
54122,-4,3
54132,-4,3
54142,-4,3
54152,-3,3
54162,-4,3
54172,-5,4
54182,-5,3
54192,-4,2
54202,-4,2
54212,-3,2
54222,-3,2
54232,-5,3
54243,-6,7
54253,-9,12
54263,-8,8
54273,-8,9
54283,-8,7
54293,-7,5
54303,-8,8
54313,-8,7
54323,-10,11
54333,-12,10
54343,-8,10
54353,-8,7
54363,-11,9
54373,-11,13
54383,-7,7
54393,-9,10
54403,-8,5
54413,-7,7
54423,-7,5
54433,-5,4
54443,-5,4
54453,-5,3
54463,-9,7
54473,-7,4
54483,-8,5
54493,-6,4
54503,-5,6
54513,-8,8
54523,-10,11
54533,-13,12
54543,-14,10
54553,-11,10
54563,-8,8
54573,-8,7
54583,-8,7
54593,-9,9
54603,-8,7
54613,-8,7
54623,-8,5
54633,-8,7
54643,-9,9
54653,-11,7
54663,-8,6
54673,-11,7
54684,-8,7
54694,-8,5
54704,-8,6
54714,-5,4
54724,-5,6
54734,-4,3
54744,-3,3
54754,-3,2
54764,-2,1
54774,-4,2
54784,-4,2
54794,-4,3
54804,-5,4
54814,-4,4
54824,-4,4
54834,-4,3
54844,-4,3
54854,-3,3
54864,-4,3
54874,-5,4
54884,-4,4
54894,-4,4
54904,-4,3
54914,-4,3
54924,-4,3
54934,-4,3
54944,-8,3
54954,-8,7
54964,-5,6
54974,-5,5
54984,-5,5
54994,-5,4
55004,-4,4
55014,-4,4
55024,-8,7
55034,-8,7
55044,-6,4
55054,-5,3
55064,-5,5
55074,-4,5
55084,-9,7
55094,-17,15
55104,-15,17
55114,-16,14
55125,-15,13
55135,-12,11
55145,-10,10
55155,-10,10
55165,-22,18
55175,-19,24
55185,-18,18
55195,-15,14
55205,-16,14
55215,-12,10
55225,-12,10
55235,-12,9
55245,-11,9
55255,-15,14
55265,-24,25
55275,-21,24
55285,-23,25
55295,-25,25
55305,-23,19
55315,-22,23
55325,-20,23
55335,-23,21
55345,-22,22
55355,-27,30
55365,-30,25
55375,-19,21
55385,-31,24
55395,-17,17
55405,-25,19
55415,-22,14
55425,-27,28
55435,-23,23
55445,-22,21
55455,-20,14
55465,-13,17
55475,-15,15
55485,-12,10
55495,-10,10
55505,-15,8
55515,-11,6
55525,-7,7
55535,-9,6
55545,-5,5
55555,-5,4
55566,-5,4
55576,-9,10
55586,-15,14
55596,-15,18
55606,-13,14
55616,-12,10
55626,-12,9
55636,-10,9
55646,-10,7
55656,-8,7
55666,-6,3
55676,-5,3
55686,-4,3
55696,-4,3
55706,-3,2
55716,-11,13
55726,-12,15
55736,-11,17
55746,-12,14
55756,-11,14
55766,-11,14
55776,-11,12
55786,-10,13
55796,-9,13
55806,-11,10
55816,-10,11
55826,-8,7
55836,-8,8
55846,-8,7
55856,-7,7
55866,-5,4
55876,-4,4
55886,-11,7
55896,-8,14
55906,-11,12
55916,-14,11
55926,-15,13
55936,-13,14
55946,-14,13
55956,-9,9
55966,-12,9
55976,-10,9
55986,-8,9
55996,-8,6
56007,-8,5
56017,-6,4
56027,-6,3
56037,-8,5
56047,-5,3
56057,-5,5
56067,-4,2
56077,-4,3
56087,-3,2
56097,-3,2
56107,-3,2
56117,-7,5
56127,-7,5
56137,-4,3
56147,-4,3
56157,-4,3
56167,-3,3
56177,-4,3
56187,-2,2
56197,-8,13
56207,-11,9
56217,-11,9
56227,-8,8
56237,-9,7
56247,-7,7
56257,-8,5
56267,-8,9
56277,-10,9
56287,-12,12
56297,-11,10
56307,-10,10
56317,-11,12
56327,-12,9
56337,-11,11
56347,-11,10
56357,-10,9
56367,-12,10
56377,-11,10
56387,-12,11
56397,-11,10
56407,-10,10
56417,-9,8
56427,-10,10
56437,-10,11
56448,-10,7
56458,-9,8
56468,-8,7
56478,-8,10
56488,-8,7
56498,-6,5
56508,-7,9
56518,-7,6
56528,-7,7
56538,-17,13
56548,-17,16
56558,-16,16
56568,-15,12
56578,-15,10
56588,-13,12
56598,-12,11
56608,-15,11
56618,-12,12
56628,-12,9
56638,-8,9
56648,-10,10
56658,-12,10
56668,-9,10
56678,-11,7
56688,-8,7
56698,-11,9
56708,-10,9
56718,-8,6
56728,-7,6
56738,-5,5
56748,-5,4
56758,-6,4
56768,-11,10
56778,-18,17
56788,-12,12
56798,-10,10
56808,-10,8
56818,-11,10
56828,-10,8
56838,-24,21
56848,-21,21
56858,-19,21
56868,-15,16
56878,-14,11
56889,-14,11
56899,-11,8
56909,-10,9
56919,-9,9
56929,-14,14
56939,-11,10
56949,-10,9
56959,-8,9
56969,-8,9
56979,-7,6
56989,-12,13
56999,-15,14
57009,-12,10
57019,-11,10
57029,-10,9
57039,-9,8
57049,-8,7
57059,-8,7
57069,-8,7
57079,-13,12
57089,-16,14
57099,-12,12
57109,-10,8
57119,-8,9
57129,-10,8
57139,-13,10
57149,-11,12
57159,-17,15
57169,-14,10
57179,-15,10
57189,-11,11
57199,-10,11
57209,-8,10
57219,-10,11
57229,-8,10
57239,-5,9
57249,-4,7
57259,-4,6
57269,-4,4
57279,-4,4
57289,-3,3
57299,-3,2
57309,-2,3
57319,-3,2
57330,-3,2
57340,-3,2
57350,-2,1
57360,-2,1
57370,-1,2
57380,-1,0
57390,-1,0
57400,-1,0
57410,-4,3
57420,-11,8
57430,-15,12
57440,-12,12
57450,-11,11
57460,-11,10
57470,-10,9
57480,-10,8
57490,-10,8
57500,-11,8
57510,-10,9
57520,-8,9
57530,-8,9
57540,-8,8
57550,-8,7
57560,-8,7
57570,-10,8
57580,-9,7
57590,-9,6
57600,-7,6
57610,-5,3
57620,-4,3
57630,-4,2
57640,-8,4
57650,-6,6
57660,-5,5
57670,-5,4
57680,-4,4
57690,-4,3
57700,-4,3
57710,-6,6
57720,-6,5
57730,-6,5
57740,-4,4
57750,-4,4
57760,-4,3
57771,-7,6
57781,-11,10
57791,-10,10
57801,-8,8
57811,-10,7
57821,-8,7
57831,-7,6
57841,-5,4
57851,-6,4
57861,-5,5
57871,-6,3
57881,-6,3
57891,-4,3
57901,-4,2
57911,-3,2
57921,-3,1
57931,-2,1
57941,-15,16
57951,-15,13
57961,-11,10
57971,-11,10
57981,-11,10
57991,-8,7
58001,-8,7
58011,-12,13
58021,-21,19
58031,-18,16
58041,-15,15
58051,-13,12
58061,-11,10
58071,-9,10
58081,-11,8
58091,-11,10
58101,-10,8
58111,-7,7
58121,-5,5
58131,-5,5
58141,-4,3
58151,-8,7
58161,-18,17
58171,-18,17
58181,-14,14
58191,-13,12
58201,-11,10
58212,-9,9
58222,-8,7
58232,-7,8
58242,-13,10
58252,-11,13
58262,-11,11
58272,-10,10
58282,-9,9
58292,-8,7
58302,-7,8
58312,-8,7
58322,-11,10
58332,-15,13
58342,-15,12
58352,-13,10
58362,-12,10
58372,-11,10
58382,-12,11
58392,-18,13
58402,-13,16
58412,-14,13
58422,-14,17
58432,-13,15
58442,-11,14
58452,-9,10
58462,-8,7
58472,-9,11
58482,-21,20
58492,-22,19
58502,-20,21
58512,-19,17
58522,-16,15
58532,-14,14
58542,-12,13
58552,-11,11
58562,-18,21
58572,-21,20
58582,-18,17
58592,-15,15
58602,-15,13
58612,-12,11
58622,-10,10
58632,-25,25
58642,-45,42
58653,-37,36
58663,-31,33
58673,-30,28
58683,-22,21
58693,-18,19
58703,-17,16
58713,-25,21
58723,-21,18
58733,-18,17
58743,-15,15
58753,-13,14
58763,-11,14
58773,-19,14
58783,-15,14
58793,-16,17
58803,-16,12
58813,-12,10
58823,-10,10
58833,-9,7
58843,-15,16
58853,-15,12
58863,-13,10
58873,-9,8
58883,-9,9
58893,-8,8
58903,-7,6
58913,-5,3
58923,-16,14
58933,-15,12
58943,-8,8
58953,-8,7
58963,-6,6
58973,-5,4
58983,-4,3
58993,-4,3
59003,-20,12
59013,-23,21
59023,-24,24
59033,-31,32
59043,-23,31
59053,-24,20
59063,-25,25
59073,-23,24
59083,-18,21
59094,-26,27
59104,-35,37
59114,-30,28
59124,-22,24
59134,-21,23
59144,-18,16
59154,-19,16
59164,-20,19
59174,-18,17
59184,-14,14
59194,-11,11
59204,-8,10
59214,-7,7
59224,-6,3
59234,-14,16
59244,-22,17
59254,-12,12
59264,-9,7
59274,-6,7
59284,-4,3
59294,-11,7
59304,-15,17
59314,-13,8
59324,-8,7
59334,-5,7
59344,-6,4
59354,-4,3
59364,-3,2
59374,-2,1
59384,-14,12
59394,-15,12
59404,-9,8
59414,-7,5
59424,-5,4
59434,-4,3
59444,-3,3
59454,-17,19
59464,-20,17
59474,-11,15
59484,-9,8
59494,-7,5
59504,-5,3
59514,-4,3
59524,-4,3
59535,-11,12
59545,-12,10
59555,-8,9
59565,-7,5
59575,-4,3
59585,-4,3
59595,-4,2
59605,-2,2
59615,-2,1
59625,-32,24
59635,-22,32
59645,-26,35
59655,-24,23
59665,-22,25
59675,-21,22
59685,-22,20
59695,-26,23
59705,-25,21
59715,-17,17
59725,-15,17
59735,-15,10
59745,-13,10
59755,-9,7
59765,-17,19
59775,-21,18
59785,-14,14
59795,-8,8
59805,-7,7
59815,-5,4
59825,-5,3
59835,-4,3
59845,-3,2
59855,-10,9
59865,-10,10
59875,-8,7
59885,-5,4
59895,-4,3
59905,-3,2
59915,-4,3
59925,-17,14
59935,-24,30
59945,-31,33
59955,-28,30
59965,-33,32
59976,-29,22
59986,-30,23
59996,-23,27
60006,-27,35
60016,-25,29
60026,-24,24
60036,-25,25
60046,-18,20
60056,-17,16
60066,-17,19
60076,-17,19
60086,-13,16
60096,-26,25
60106,-22,21
60116,-17,14
60126,-14,13
60136,-11,10
60146,-8,8
60156,-7,7
60166,-5,6
60176,-18,14
60186,-12,11
60196,-8,9
60206,-8,8
60216,-6,5
60226,-4,3
60236,-4,3
60246,-5,3
60256,-27,28
60266,-48,46
60276,-31,38
60286,-50,42
60296,-40,38
60306,-33,29
60316,-32,34
60326,-30,31
60336,-28,31
60346,-29,28
60356,-35,31
60366,-25,26
60376,-26,19
60386,-25,18
60396,-20,14
60406,-21,15
60417,-14,12
60427,-35,25
60437,-29,27
60447,-16,17
60457,-19,14
60467,-11,7
60477,-8,9
60487,-8,10
60497,-17,20
60507,-16,15
60517,-11,11
60527,-14,9
60537,-10,8
60547,-10,7
60557,-8,6
60567,-19,17
60577,-17,17
60587,-16,15
60597,-14,12
60607,-10,11
60617,-10,9
60627,-8,8
60637,-7,7
60647,-8,11
60657,-18,15
60667,-14,14
60677,-12,12
60687,-11,10
60697,-8,10
60707,-7,6
60717,-6,7
60727,-45,37
60737,-46,43
60747,-40,39
60757,-30,31
60767,-23,25
60777,-22,21
60787,-18,17
60797,-17,14
60807,-22,26
60817,-29,29
60827,-29,25
60837,-22,25
60847,-21,17
60858,-19,15
60868,-16,14
60878,-18,14
60888,-46,36
60898,-51,45
60908,-44,51
60918,-37,36
60928,-49,35
60938,-37,40
60948,-28,32
60958,-28,36
60968,-30,25
60978,-33,29
60988,-22,28
60998,-20,21
61008,-20,20
61018,-14,17
61028,-12,15
61038,-12,16
61048,-17,17
61058,-17,21
61068,-16,17
61078,-15,14
61088,-12,14
61098,-12,10
61108,-16,14
61118,-22,19
61128,-17,20
61138,-12,14
61148,-13,13
61158,-13,11
61168,-11,10
61178,-10,12
61188,-18,13
61198,-44,35
61208,-34,31
61218,-31,29
61228,-35,41
61238,-32,36
61248,-33,32
61258,-26,31
61268,-28,33
61278,-33,30
61288,-23,28
61299,-21,24
61309,-22,20
61319,-16,16
61329,-16,17
61339,-14,13
61349,-14,17
61359,-17,20
61369,-15,17
61379,-14,12
61389,-11,11
61399,-11,10
61409,-9,10
61419,-16,18
61429,-24,25
61439,-23,25
61449,-19,19
61459,-15,14
61469,-15,13
61479,-15,12
61489,-13,11
61499,-16,12
61509,-32,28
61519,-30,32
61529,-37,33
61539,-22,23
61549,-32,23
61559,-23,24
61569,-30,31
61579,-16,21
61589,-34,25
61599,-29,25
61609,-26,24
61619,-21,25
61629,-18,17
61639,-15,12
61649,-13,10
61659,-14,13
61669,-15,15
61679,-21,17
61689,-19,18
61699,-12,14
61709,-11,10
61719,-11,12
61729,-11,11
61740,-19,15
61750,-16,12
61760,-16,10
61770,-13,11
61780,-11,12
61790,-10,10
61800,-9,10
61810,-15,16
61820,-33,21
61830,-23,22
61840,-23,20
61850,-19,19
61860,-18,17
61870,-20,18
61880,-18,17
61890,-18,21
61900,-24,17
61910,-16,17
61920,-20,19
61930,-12,14
61940,-10,11
61950,-11,10
61960,-12,10
61970,-9,7
61980,-8,7
61990,-8,7
62000,-7,6
62010,-7,6
62020,-5,6
62030,-8,6
62040,-8,8
62050,-8,9
62060,-8,7
62070,-8,6
62080,-8,7
62090,-8,7
62100,-8,7
62110,-6,7
62120,-15,12
62130,-12,13
62140,-17,17
62150,-19,17
62160,-15,14
62170,-17,15
62181,-16,14
62191,-15,14
62201,-16,11
62211,-15,14
62221,-13,17
62231,-16,11
62241,-15,14
62251,-12,11
62261,-13,10
62271,-12,11
62281,-12,16
62291,-13,15
62301,-14,16
62311,-14,14
62321,-15,14
62331,-12,14
62341,-16,14
62351,-13,13
62361,-13,11
62371,-13,10
62381,-18,14
62391,-14,14
62401,-17,13
62411,-12,14
62421,-13,10
62431,-9,10
62441,-8,8
62451,-8,7
62461,-11,10
62471,-15,17
62481,-15,17
62491,-20,18
62501,-19,14
62511,-16,14
62521,-17,14
62531,-17,14
62541,-22,29
62551,-30,30
62561,-28,35
62571,-31,35
62581,-22,29
62591,-20,30
62601,-20,31
62611,-20,27
62622,-20,28
62632,-19,21
62642,-22,28
62652,-18,21
62662,-15,25
62672,-15,21
62682,-23,20
62692,-20,21
62702,-22,21
62712,-29,31
62722,-32,27
62732,-22,24
62742,-25,24
62752,-25,32
62762,-26,27
62772,-21,28
62782,-22,26
62792,-30,27
62802,-36,28
62812,-25,33
62822,-22,31
62832,-22,26
62842,-23,22
62852,-18,27
62862,-18,26
62872,-14,21
62882,-14,21
62892,-13,17
62902,-12,20
62912,-9,12
62922,-9,13
62932,-15,15
62942,-27,33
62952,-19,25
62962,-32,28
62972,-27,28
62982,-25,26
62992,-26,25
63002,-19,25
63012,-23,21
63022,-17,17
63032,-23,28
63042,-22,22
63052,-19,22
63063,-15,15
63073,-19,17
63083,-14,16
63093,-14,17
63103,-15,19
63113,-24,25
63123,-32,36
63133,-21,28
63143,-33,38
63153,-24,24
63163,-18,21
63173,-22,19
63183,-22,20
63193,-18,19
63203,-17,17
63213,-17,17
63223,-17,14
63233,-15,14
63243,-15,11
63253,-15,10
63263,-21,16
63273,-23,24
63283,-25,21
63293,-17,17
63303,-20,16
63313,-20,17
63323,-20,20
63333,-15,19
63343,-15,17
63353,-16,14
63363,-13,12
63373,-11,14
63383,-11,10
63393,-11,10
63403,-11,9
63413,-11,11
63423,-17,17
63433,-18,20
63443,-22,28
63453,-18,19
63463,-16,17
63473,-16,19
63483,-15,12
63493,-12,14
63504,-8,10
63514,-8,7
63524,-8,8
63534,-8,7
63544,-7,5
63554,-4,4
63564,-4,4
63574,-5,3
63584,-4,3
63594,-3,3
63604,-3,2
63614,-7,6
63624,-6,5
63634,-6,7
63644,-5,5
63654,-4,3
63664,-9,7
63674,-11,10
63684,-8,8
63694,-6,7
63704,-7,7
63714,-7,7
63724,-7,7
63734,-8,5
63744,-14,12
63754,-17,15
63764,-18,20
63774,-18,17
63784,-18,20
63794,-15,10
63804,-17,14
63814,-15,14
63824,-20,11
63834,-24,19
63844,-30,26
63854,-22,18
63864,-27,21
63874,-25,23
63884,-19,23
63894,-19,18
63904,-25,19
63914,-28,32
63924,-18,20
63934,-26,29
63945,-28,33
63955,-16,15
63965,-25,27
63975,-25,21
63985,-30,23
63995,-36,25
64005,-28,26
64015,-22,20
64025,-27,21
64035,-14,14
64045,-25,17
64055,-28,26
64065,-25,27
64075,-31,28
64085,-23,23
64095,-19,19
64105,-24,20
64115,-18,18
64125,-19,17
64135,-19,14
64145,-13,12
64155,-11,8
64165,-11,10
64175,-8,6
64185,-8,7
64195,-8,7
64205,-4,5
64215,-10,8
64225,-13,9
64235,-11,7
64245,-9,6
64255,-8,6
64265,-8,6
64275,-7,6
64285,-7,6
64295,-6,6
64305,-5,3
64315,-11,10
64325,-13,10
64335,-12,10
64345,-9,8
64355,-8,7
64365,-8,6
64375,-6,6
64386,-6,5
64396,-6,5
64406,-8,7
64416,-8,10
64426,-8,11
64436,-8,7
64446,-8,8
64456,-6,7
64466,-6,5
64476,-5,6
64486,-5,5
64496,-7,7
64506,-6,7
64516,-5,4
64526,-4,3
64536,-4,4
64546,-5,4
64556,-5,5
64566,-5,4
64576,-7,4
64586,-6,5
64596,-5,4
64606,-5,3
64616,-4,3
64626,-4,3
64636,-4,3
64646,-4,3
64656,-3,3
64666,-2,2
64676,-2,1
64686,-3,1
64696,-2,1
64706,-1,1
64716,-2,2
64726,-9,4
64736,-14,11
64746,-15,12
64756,-12,11
64766,-12,10
64776,-12,9
64786,-11,9
64796,-10,10
64806,-10,8
64816,-10,7
64827,-8,7
64837,-6,6
64847,-5,5
64857,-4,4
64867,-4,3
64877,-4,3
64887,-3,3
64897,-3,2
64907,-2,2
64917,-3,1
64927,-2,1
64937,-2,0
64947,-1,0
64957,-1,0
64967,-1,0
64977,-1,0
64987,-1,0
64997,-1,0
65007,-1,0
65017,-1,0
65027,-1,0
65037,0,0
65047,-7,4
65057,-6,7
65067,-6,4
65077,-5,5
65087,-5,4
65097,-4,3
65107,-4,3
65117,-4,3
65127,-7,5
65137,-13,12
65147,-11,10
65157,-9,9
65167,-10,10
65177,-6,5
65187,-8,8
65197,-6,6
65207,-8,7
65217,-8,7
65227,-4,3
65237,-8,6
65247,-5,4
65257,-5,4
65268,-6,4
65278,-7,6
65288,-4,4
65298,-6,5
65308,-7,4
65318,-4,3
65328,-4,3
65338,-4,3
65348,-8,7
65358,-7,6
65368,-9,6
65378,-10,7
65388,-10,13
65398,-7,6
65408,-11,11
65418,-9,8
65428,-9,14
65438,-11,9
65448,-14,16
65458,-13,17
65468,-12,17
65478,-11,12
65488,-11,11
65498,-10,9
65508,-10,10
65518,-10,7
65528,-9,7
65538,-8,7
65548,-8,6
65558,-7,6
65568,-6,4
65578,-5,4
65588,-6,4
65598,-10,7
65608,-7,7
65618,-6,5
65628,-7,4
65638,-5,5
65648,-4,3
65658,-4,4
65668,-4,3
65678,-9,11
65688,-15,17
65698,-17,15
65709,-18,17
65719,-15,12
65729,-15,14
65739,-14,13
65749,-11,13
65759,-22,19
65769,-11,14
65779,-13,12
65789,-14,13
65799,-12,11
65809,-11,9
65819,-12,10
65829,-8,7
65839,-11,10
65849,-14,10
65859,-11,9
65869,-9,8
65879,-8,9
65889,-8,7
65899,-8,7
65909,-8,6
65919,-9,9
65929,-11,9
65939,-7,6
65949,-7,5
65959,-7,5
65969,-7,5
65979,-6,5
65989,-10,8
65999,-18,19
66009,-23,22
66019,-25,22
66029,-22,23
66039,-19,21
66049,-16,19
66059,-18,16
66069,-15,14
66079,-15,14
66089,-12,11
66099,-10,10
66109,-9,8
66119,-7,7
66129,-7,7
66139,-10,8
66150,-13,10
66160,-9,9
66170,-7,6
66180,-8,6
66190,-8,4
66200,-6,6
66210,-6,5
66220,-6,5
66230,-13,12
66240,-14,12
66250,-13,11
66260,-11,10
66270,-11,10
66280,-9,8
66290,-10,10
66300,-11,11
66310,-18,16
66320,-16,14
66330,-14,13
66340,-14,11
66350,-12,11
66360,-11,9
66370,-10,7
66380,-9,7
66390,-19,21
66400,-22,23
66410,-22,21
66420,-19,21
66430,-21,17
66440,-18,17
66450,-15,14
66460,-14,13
66470,-12,10
66480,-15,12
66490,-13,13
66500,-15,14
66510,-14,13
66520,-12,12
66530,-10,10
66540,-9,8
66550,-8,7
66560,-8,6
66570,-18,16
66580,-18,17
66591,-15,15
66601,-13,13
66611,-12,10
66621,-10,10
66631,-8,7
66641,-8,7
66651,-8,7
66661,-8,11
66671,-11,12
66681,-12,11
66691,-11,10
66701,-11,7
66711,-8,8
66721,-7,7
66731,-7,7
66741,-6,7
66751,-5,4
66761,-5,5
66771,-6,3
66781,-4,4
66791,-4,3
66801,-3,2
66811,-3,2
66821,-4,3
66831,-4,2
66841,-2,2
66851,-3,2
66861,-2,2
66871,-2,1
66881,-2,0
66891,-2,1
66901,-3,2
66911,-2,1
66921,-1,1
66931,-2,0
66941,-1,0
66951,-1,0
66961,-2,1
66971,-2,1
66981,-4,3
66991,-4,4
67001,-5,4
67011,-4,3
67021,-4,3
67032,-3,2
67042,-3,2
67052,-3,2
67062,-3,1
67072,-3,3
67082,-4,3
67092,-4,3
67102,-4,3
67112,-4,3
67122,-4,3
67132,-4,3
67142,-3,3
67152,-4,2
67162,-4,3
67172,-4,3
67182,-4,3
67192,-4,2
67202,-3,2
67212,-4,3
67222,-3,3
67232,-3,2
67242,-2,1
67252,-2,1
67262,-1,0
67272,-1,0
67282,-1,0
67292,-11,7
67302,-15,17
67312,-15,18
67322,-15,16
67332,-13,14
67342,-12,12
67352,-11,10
67362,-11,10
67372,-10,8
67382,-8,8
67392,-6,6
67402,-5,5
67412,-5,4
67422,-4,3
67432,-3,2
67442,-2,1
67452,-2,1
67462,-1,0
67473,-1,0
67483,0,0
67493,0,0
67503,0,0
67513,0,0
67523,0,0
67533,0,0
67543,0,0
67553,0,0
67563,0,0
67573,0,0
67583,0,0
67593,0,0
67603,0,0
67613,0,0
67623,0,0
67633,0,0
67643,0,0
67653,0,0
67663,0,0
67673,0,0
67683,0,0
67693,0,0
67703,0,0
67713,0,0
67723,0,0
67733,0,0
67743,0,0
67753,0,0
67763,0,0
67773,0,0
67783,0,0
67793,0,0
67803,0,0
67813,0,0
67823,0,0
67833,0,0
67843,0,0
67853,0,0
67863,0,0
67873,0,0
67883,0,0
67893,0,0
67903,0,0
67914,0,0
67924,0,0
67934,0,0
67944,0,0
67954,0,0
67964,0,0
67974,0,0
67984,0,0
67994,0,0
68004,-2,1
68014,-4,3
68024,-6,4
68034,-6,3
68044,-7,7
68054,-6,5
68064,-7,5
68074,-7,6
68084,-5,5
68094,-5,6
68104,-6,5
68114,-4,4
68124,-5,5
68134,-5,6
68144,-4,3
68154,-5,6
68164,-4,4
68174,-6,4
68184,-4,3
68194,-4,3
68204,-4,4
68214,-3,3
68224,-4,3
68234,-4,3
68244,-4,3
68254,-4,3
68264,-3,2
68274,-4,3
68284,-3,2
68294,-3,3
68304,-4,3
68314,-3,3
68324,-4,3
68334,-4,3
68344,-3,2
68355,-3,3
68365,-4,3
68375,-3,3
68385,-4,2
68395,-4,2
68405,-4,2
68415,-2,2
68425,-2,3
68435,-3,1
68445,-3,2
68455,-3,1
68465,-3,2
68475,-3,2
68485,-2,2
68495,-3,3
68505,-2,1
68515,-3,2
68525,-2,1
68535,-2,1
68545,-3,2
68555,-2,2
68565,-2,2
68575,-2,2
68585,-2,1
68595,-2,1
68605,-2,1
68615,-2,1
68625,-1,1
68635,-2,1
68645,-2,1
68655,-1,0
68665,-1,0
68675,-1,0
68685,0,0
68695,0,0
68705,0,0
68715,0,0
68725,0,0
68735,0,0
68745,0,0
68755,0,0
68765,0,0
68775,-4,2
68785,-4,3
68796,-5,3
68806,-5,5
68816,-4,4
68826,-4,6
68836,-4,3
68846,-4,6
68856,-4,3
68866,-4,5
68876,-4,3
68886,-4,5
68896,-5,5
68906,-4,3
68916,-4,3
68926,-4,3
68936,-2,2
68946,-1,1
68956,-2,0
68966,-1,0
68976,-1,0
68986,-1,0
68996,0,0
69006,0,0
69016,0,0
69026,0,0
69036,0,0
69046,0,0
69056,0,0
69066,0,0
69076,0,0
69086,0,0
69096,0,0
69106,0,0
69116,0,0
69126,0,0
69136,0,0
69146,0,0
69156,0,0
69166,0,0
69176,0,0
69186,0,0
69196,0,0
69206,0,0
69216,0,0
69226,0,0
69237,0,0
69247,0,0
69257,0,0
69267,0,0
69277,0,0
69287,0,0
69297,0,0
69307,0,0
69317,0,0
69327,0,0
69337,0,0
69347,0,0
69357,0,0
69367,0,0
69377,0,0
69387,0,0
69397,0,0
69407,0,0
69417,0,0
69427,0,0
69437,0,0
69447,0,0
69457,0,0
69467,0,0
69477,0,0
69487,0,0
69497,0,0
69507,0,0
69517,0,0
69527,0,0
69537,0,0
69547,0,0
69557,0,0
